#BALLOON DATA (A.Aggarwal 11.4.2020)
#Time (seconds) 	Altitude (meters)
   0.0000000e+00   4.4000000e+02
   2.9999924e+00   4.4000000e+02
   6.0000000e+00   4.4200000e+02
   8.0000000e+00   4.4300000e+02
   1.1000000e+01   4.4300000e+02
   1.3999992e+01   4.4100000e+02
   1.5999992e+01   4.4100000e+02
   1.9000000e+01   4.4200000e+02
   2.2000000e+01   4.4500000e+02
   2.4000000e+01   4.4700000e+02
   2.6999992e+01   4.4800000e+02
   3.0000000e+01   4.4800000e+02
   3.2000000e+01   4.4700000e+02
   3.5000000e+01   4.4700000e+02
   3.8000000e+01   4.4800000e+02
   4.1000000e+01   4.4900000e+02
   4.4000008e+01   4.5000000e+02
   4.6000000e+01   4.5100000e+02
   4.9000000e+01   4.5200000e+02
   5.2000000e+01   4.5400000e+02
   5.4000000e+01   4.5500000e+02
   5.7000008e+01   4.5500000e+02
   6.2000000e+01   4.5600000e+02
   6.5000000e+01   4.5600000e+02
   6.7000000e+01   4.5600000e+02
   7.0000008e+01   4.5500000e+02
   7.3000000e+01   4.5500000e+02
   7.5000000e+01   4.5600000e+02
   7.8000000e+01   4.5600000e+02
   8.1000008e+01   4.5600000e+02
   8.3000008e+01   4.5600000e+02
   8.6000000e+01   4.5600000e+02
   8.9000000e+01   4.5600000e+02
   9.1999992e+01   4.5600000e+02
   9.4000008e+01   4.5500000e+02
   9.7000000e+01   4.5500000e+02
   1.0000000e+02   4.5400000e+02
   1.0200000e+02   4.5300000e+02
   1.0499999e+02   4.5300000e+02
   1.0800000e+02   4.5200000e+02
   1.1000000e+02   4.5200000e+02
   1.1599999e+02   4.5300000e+02
   1.1799999e+02   4.5400000e+02
   1.2100000e+02   4.5500000e+02
   1.2400000e+02   4.5700000e+02
   1.2700000e+02   4.5700000e+02
   1.3200000e+02   4.5800000e+02
   1.3500000e+02   4.5900000e+02
   1.3700000e+02   4.5900000e+02
   1.4000000e+02   4.6000000e+02
   1.4300000e+02   4.6000000e+02
   1.4500000e+02   4.6100000e+02
   1.4800000e+02   4.6100000e+02
   1.5100000e+02   4.6100000e+02
   1.5300000e+02   4.6000000e+02
   1.5600000e+02   4.6000000e+02
   1.5900001e+02   4.5900000e+02
   1.6100000e+02   4.5900000e+02
   1.6400000e+02   4.5800000e+02
   1.6700000e+02   4.5800000e+02
   1.6900000e+02   4.5800000e+02
   1.7200001e+02   4.5700000e+02
   1.7500000e+02   4.5700000e+02
   1.7800000e+02   4.5700000e+02
   1.8000000e+02   4.5800000e+02
   1.8300001e+02   4.5800000e+02
   1.8500001e+02   4.5800000e+02
   1.8800000e+02   4.5900000e+02
   1.9100000e+02   4.5800000e+02
   1.9399999e+02   4.5900000e+02
   1.9900000e+02   4.5900000e+02
   2.0200000e+02   4.5900000e+02
   2.0400000e+02   4.5900000e+02
   2.0699999e+02   4.5900000e+02
   2.1000000e+02   4.5900000e+02
   2.1300000e+02   4.5800000e+02
   2.1500000e+02   4.5800000e+02
   2.1799999e+02   4.5700000e+02
   2.2300000e+02   4.5700000e+02
   2.2600000e+02   4.5700000e+02
   2.2900000e+02   4.5700000e+02
   2.3200000e+02   4.5700000e+02
   2.3400000e+02   4.5700000e+02
   2.3700000e+02   4.5700000e+02
   2.4000000e+02   4.5800000e+02
   2.4200000e+02   4.5800000e+02
   2.4500000e+02   4.5900000e+02
   2.4800001e+02   4.5900000e+02
   2.5100000e+02   4.5900000e+02
   2.5300000e+02   4.5900000e+02
   2.5600000e+02   4.5900000e+02
   2.6400000e+02   4.6000000e+02
   2.6700000e+02   4.6000000e+02
   2.6999999e+02   4.5900000e+02
   2.7200001e+02   4.5900000e+02
   2.7500000e+02   4.5900000e+02
   2.7800000e+02   4.5800000e+02
   2.8100000e+02   4.5800000e+02
   2.8600000e+02   4.5800000e+02
   2.8900000e+02   4.5700000e+02
   2.9100000e+02   4.5700000e+02
   2.9400000e+02   4.5700000e+02
   2.9700000e+02   4.5700000e+02
   3.0000001e+02   4.5700000e+02
   3.0200000e+02   4.5700000e+02
   3.0500000e+02   4.5700000e+02
   3.0800000e+02   4.5700000e+02
   3.1000000e+02   4.5800000e+02
   3.1300000e+02   4.5700000e+02
   3.1600000e+02   4.5700000e+02
   3.2100000e+02   4.5600000e+02
   3.2400001e+02   4.5700000e+02
   3.2700000e+02   4.5800000e+02
   3.2900000e+02   4.5800000e+02
   3.3200000e+02   4.5800000e+02
   3.3499999e+02   4.5800000e+02
   3.3800000e+02   4.5800000e+02
   3.4000000e+02   4.5700000e+02
   3.4599999e+02   4.5700000e+02
   3.4900000e+02   4.5700000e+02
   3.5100000e+02   4.5700000e+02
   3.5400000e+02   4.5800000e+02
   3.5700000e+02   4.5800000e+02
   3.5899999e+02   4.5700000e+02
   3.6500000e+02   4.5800000e+02
   3.6800000e+02   4.5900000e+02
   3.7000000e+02   4.6000000e+02
   3.7300000e+02   4.6000000e+02
   3.7800000e+02   4.6000000e+02
   3.8100000e+02   4.6000000e+02
   3.8400000e+02   4.5900000e+02
   3.8900001e+02   4.5900000e+02
   3.9200000e+02   4.5800000e+02
   3.9700000e+02   4.5700000e+02
   4.0000001e+02   4.5700000e+02
   4.0300000e+02   4.5700000e+02
   4.0500000e+02   4.5700000e+02
   4.0800000e+02   4.5700000e+02
   4.1099999e+02   4.5600000e+02
   4.1400000e+02   4.5600000e+02
   4.1600000e+02   4.5600000e+02
   4.1900000e+02   4.5600000e+02
   4.2199999e+02   4.5600000e+02
   4.2500000e+02   4.5600000e+02
   4.2700000e+02   4.5600000e+02
   4.3000000e+02   4.5500000e+02
   4.3300000e+02   4.5500000e+02
   4.3499999e+02   4.5400000e+02
   4.4100000e+02   4.5500000e+02
   4.4400000e+02   4.5500000e+02
   4.4600000e+02   4.5500000e+02
   4.4900000e+02   4.5500000e+02
   4.5200001e+02   4.5500000e+02
   4.5700000e+02   4.5500000e+02
   4.6000000e+02   4.5500000e+02
   4.6300001e+02   4.5600000e+02
   4.6500001e+02   4.5600000e+02
   4.6800000e+02   4.5700000e+02
   4.7100000e+02   4.5800000e+02
   4.7300000e+02   4.5800000e+02
   4.7600001e+02   4.5900000e+02
   4.7900000e+02   4.6000000e+02
   4.8200000e+02   4.6000000e+02
   4.8400000e+02   4.6000000e+02
   4.8699999e+02   4.6000000e+02
   4.9200000e+02   4.6600000e+02
   4.9500000e+02   4.6500000e+02
   5.0100000e+02   4.6100000e+02
   5.0300000e+02   4.6000000e+02
   5.0600000e+02   4.5800000e+02
   5.0900000e+02   4.5800000e+02
   5.1200000e+02   4.5800000e+02
   5.1400000e+02   4.5800000e+02
   5.1700000e+02   4.5800000e+02
   5.2000000e+02   4.5800000e+02
   5.2200000e+02   4.5900000e+02
   5.2800001e+02   4.6100000e+02
   5.3100000e+02   4.6100000e+02
   5.3300000e+02   4.6100000e+02
   5.3600000e+02   4.6100000e+02
   5.3899999e+02   4.6100000e+02
   5.4100001e+02   4.6100000e+02
   5.4400000e+02   4.6000000e+02
   5.4700000e+02   4.6000000e+02
   5.4900000e+02   4.5900000e+02
   5.5500000e+02   4.6000000e+02
   5.5800000e+02   4.5900000e+02
   5.6000000e+02   4.5900000e+02
   5.6600000e+02   4.6100000e+02
   5.6900000e+02   4.6200000e+02
   5.7100000e+02   4.6300000e+02
   5.7400000e+02   4.6400000e+02
   5.7700000e+02   4.6500000e+02
   5.7900000e+02   4.6500000e+02
   5.8500000e+02   4.6400000e+02
   5.8800000e+02   4.6400000e+02
   5.9000000e+02   4.6300000e+02
   5.9300001e+02   4.6300000e+02
   5.9600000e+02   4.6200000e+02
   5.9900000e+02   4.6100000e+02
   6.0100000e+02   4.6000000e+02
   6.0400001e+02   4.6000000e+02
   6.0700000e+02   4.5900000e+02
   6.1200000e+02   4.5800000e+02
   6.1499999e+02   4.5700000e+02
   6.1800000e+02   4.5700000e+02
   6.2300000e+02   4.5700000e+02
   6.2599999e+02   4.5700000e+02
   6.2799999e+02   4.5800000e+02
   6.3400000e+02   4.5800000e+02
   6.3700000e+02   4.5800000e+02
   6.3899999e+02   4.5800000e+02
   6.4200000e+02   4.5800000e+02
   6.4500000e+02   4.5800000e+02
   6.4700000e+02   4.5800000e+02
   6.5300000e+02   4.5600000e+02
   6.5600001e+02   4.5500000e+02
   6.5800000e+02   4.5500000e+02
   6.6100000e+02   4.5400000e+02
   6.6400000e+02   4.5300000e+02
   6.6600000e+02   4.5300000e+02
   6.6900001e+02   4.5300000e+02
   6.7200000e+02   4.5300000e+02
   6.7500000e+02   4.5400000e+02
   6.8000001e+02   4.5600000e+02
   6.8300000e+02   4.5800000e+02
   6.8600000e+02   4.6000000e+02
   6.8800000e+02   4.6100000e+02
   6.9099999e+02   4.6300000e+02
   6.9400000e+02   4.6400000e+02
   6.9600000e+02   4.6400000e+02
   7.0500000e+02   4.6400000e+02
   7.0700000e+02   4.6300000e+02
   7.1000000e+02   4.6200000e+02
   7.1300000e+02   4.6100000e+02
   7.1499999e+02   4.6100000e+02
   7.1800000e+02   4.6000000e+02
   7.2100000e+02   4.5900000e+02
   7.2400000e+02   4.5800000e+02
   7.2600000e+02   4.5800000e+02
   7.2900000e+02   4.5700000e+02
   7.3200001e+02   4.5600000e+02
   7.3400000e+02   4.5700000e+02
   7.3700000e+02   4.5700000e+02
   7.4000000e+02   4.5600000e+02
   7.4500001e+02   4.5500000e+02
   7.4800000e+02   4.5500000e+02
   7.5100000e+02   4.5500000e+02
   7.5399999e+02   4.5400000e+02
   7.5600001e+02   4.5400000e+02
   7.6200000e+02   4.5300000e+02
   7.6400000e+02   4.5300000e+02
   7.6699999e+02   4.5200000e+02
   7.7000000e+02   4.5200000e+02
   7.7300000e+02   4.5200000e+02
   7.7800000e+02   4.5200000e+02
   7.8100000e+02   4.5200000e+02
   7.8300000e+02   4.5200000e+02
   7.8600000e+02   4.5200000e+02
   7.8900000e+02   4.5200000e+02
   7.9200000e+02   4.5300000e+02
   7.9400000e+02   4.5400000e+02
   7.9700000e+02   4.5500000e+02
   8.0000000e+02   4.5600000e+02
   8.0200000e+02   4.5600000e+02
   8.0500000e+02   4.5700000e+02
   8.1100000e+02   4.5600000e+02
   8.1300000e+02   4.5600000e+02
   8.1600000e+02   4.5700000e+02
   8.1899999e+02   4.5700000e+02
   8.2200000e+02   4.5700000e+02
   8.2400000e+02   4.5700000e+02
   8.2700000e+02   4.5700000e+02
   8.2999999e+02   4.5700000e+02
   8.3199999e+02   4.5700000e+02
   8.3500000e+02   4.5700000e+02
   8.3800000e+02   4.5800000e+02
   8.4100000e+02   4.5800000e+02
   8.4299999e+02   4.5800000e+02
   8.4600000e+02   4.5800000e+02
   8.5200000e+02   4.5800000e+02
   8.5400000e+02   4.5800000e+02
   8.5700000e+02   4.5700000e+02
   8.6000001e+02   4.5700000e+02
   8.6200000e+02   4.5800000e+02
   8.6500000e+02   4.5800000e+02
   8.6800000e+02   4.5800000e+02
   8.7100001e+02   4.5800000e+02
   8.7600000e+02   4.5700000e+02
   8.7900000e+02   4.5700000e+02
   8.8100000e+02   4.5700000e+02
   8.8400001e+02   4.5700000e+02
   8.8700000e+02   4.5700000e+02
   8.9000000e+02   4.5600000e+02
   8.9200000e+02   4.5600000e+02
   8.9499999e+02   4.5600000e+02
   8.9800000e+02   4.5600000e+02
   9.0000000e+02   4.5600000e+02
   9.0300000e+02   4.5600000e+02
   9.0599999e+02   4.5600000e+02
   9.0900000e+02   4.5700000e+02
   9.1100000e+02   4.5700000e+02
   9.1400000e+02   4.5700000e+02
   9.1700000e+02   4.5800000e+02
   9.2000000e+02   4.5800000e+02
   9.2500000e+02   4.5800000e+02
   9.2800000e+02   4.5800000e+02
   9.3000000e+02   4.5800000e+02
   9.3300000e+02   4.5900000e+02
   9.3600001e+02   4.5900000e+02
   9.3900000e+02   4.5900000e+02
   9.4100000e+02   4.5800000e+02
   9.4400000e+02   4.5800000e+02
   9.4700001e+02   4.5800000e+02
   9.4900001e+02   4.5800000e+02
   9.5200000e+02   4.5800000e+02
   9.5500000e+02   4.5800000e+02
   9.5799999e+02   4.5800000e+02
   9.6000001e+02   4.5900000e+02
   9.6600000e+02   4.5900000e+02
   9.6900000e+02   4.5900000e+02
   9.7099999e+02   4.6000000e+02
   9.7400000e+02   4.6000000e+02
   9.7700000e+02   4.6000000e+02
   9.8199999e+02   4.6100000e+02
   9.8500000e+02   4.6100000e+02
   9.8700000e+02   4.6100000e+02
   9.9000000e+02   4.6100000e+02
   9.9300000e+02   4.6100000e+02
   9.9600000e+02   4.6100000e+02
   9.9800000e+02   4.6100000e+02
   1.0010000e+03   4.6100000e+02
   1.0040000e+03   4.6000000e+02
   1.0060000e+03   4.6000000e+02
   1.0090000e+03   4.6000000e+02
   1.0120000e+03   4.6000000e+02
   1.0150000e+03   4.6000000e+02
   1.0170000e+03   4.6000000e+02
   1.0230000e+03   4.6000000e+02
   1.0260000e+03   4.6000000e+02
   1.0280000e+03   4.6100000e+02
   1.0310000e+03   4.6100000e+02
   1.0340000e+03   4.6400000e+02
   1.0360000e+03   4.6400000e+02
   1.0390000e+03   4.6500000e+02
   1.0420000e+03   4.6500000e+02
   1.0450000e+03   4.6500000e+02
   1.0470000e+03   4.6500000e+02
   1.0500000e+03   4.6500000e+02
   1.0530000e+03   4.6600000e+02
   1.0560000e+03   4.6600000e+02
   1.0610000e+03   4.6700000e+02
   1.0640000e+03   4.6800000e+02
   1.0660000e+03   4.6800000e+02
   1.0720000e+03   4.6600000e+02
   1.0750000e+03   4.6500000e+02
   1.0770000e+03   4.6500000e+02
   1.0800000e+03   4.6500000e+02
   1.0830000e+03   4.6400000e+02
   1.0880000e+03   4.6400000e+02
   1.0910000e+03   4.6300000e+02
   1.0940000e+03   4.6200000e+02
   1.0960000e+03   4.6200000e+02
   1.0990000e+03   4.6100000e+02
   1.1020000e+03   4.6000000e+02
   1.1040000e+03   4.6000000e+02
   1.1070000e+03   4.5900000e+02
   1.1100000e+03   4.5900000e+02
   1.1130000e+03   4.5900000e+02
   1.1180000e+03   4.5900000e+02
   1.1210000e+03   4.5900000e+02
   1.1230000e+03   4.5900000e+02
   1.1260000e+03   4.5900000e+02
   1.1290000e+03   4.5900000e+02
   1.1320000e+03   4.6000000e+02
   1.1340000e+03   4.5900000e+02
   1.1370000e+03   4.5900000e+02
   1.1400000e+03   4.5900000e+02
   1.1420000e+03   4.5900000e+02
   1.1450000e+03   4.5900000e+02
   1.1480000e+03   4.5900000e+02
   1.1560000e+03   4.5800000e+02
   1.1590000e+03   4.5800000e+02
   1.1610000e+03   4.5700000e+02
   1.1640000e+03   4.5700000e+02
   1.1670000e+03   4.5700000e+02
   1.1700000e+03   4.5700000e+02
   1.1720000e+03   4.5700000e+02
   1.1750000e+03   4.5800000e+02
   1.1780000e+03   4.5800000e+02
   1.1810000e+03   4.5800000e+02
   1.1830000e+03   4.5800000e+02
   1.1860000e+03   4.5800000e+02
   1.1890000e+03   4.5900000e+02
   1.1910000e+03   4.5900000e+02
   1.1940000e+03   4.5900000e+02
   1.1970000e+03   4.5900000e+02
   1.2000000e+03   4.5800000e+02
   1.2020000e+03   4.5800000e+02
   1.2050000e+03   4.5800000e+02
   1.2080000e+03   4.5900000e+02
   1.2100000e+03   4.5800000e+02
   1.2130000e+03   4.5900000e+02
   1.2160000e+03   4.5900000e+02
   1.2190000e+03   4.5800000e+02
   1.2240000e+03   4.5800000e+02
   1.2270000e+03   4.5700000e+02
   1.2300000e+03   4.5700000e+02
   1.2320000e+03   4.5700000e+02
   1.2350000e+03   4.5600000e+02
   1.2380000e+03   4.5600000e+02
   1.2400000e+03   4.5500000e+02
   1.2430000e+03   4.5500000e+02
   1.2460000e+03   4.5500000e+02
   1.2490000e+03   4.5500000e+02
   1.2510000e+03   4.5500000e+02
   1.2540000e+03   4.5500000e+02
   1.2570000e+03   4.5500000e+02
   1.2590000e+03   4.5500000e+02
   1.2620000e+03   4.5500000e+02
   1.2650000e+03   4.5500000e+02
   1.2700000e+03   4.5500000e+02
   1.2730000e+03   4.5500000e+02
   1.2760000e+03   4.5600000e+02
   1.2790000e+03   4.5600000e+02
   1.2810000e+03   4.5600000e+02
   1.2870000e+03   4.5600000e+02
   1.2890000e+03   4.5600000e+02
   1.2920000e+03   4.5600000e+02
   1.2950000e+03   4.5600000e+02
   1.3000000e+03   4.5600000e+02
   1.3030000e+03   4.5600000e+02
   1.3060000e+03   4.5600000e+02
   1.3080000e+03   4.5600000e+02
   1.3110000e+03   4.5600000e+02
   1.3140000e+03   4.5600000e+02
   1.3170000e+03   4.5600000e+02
   1.3220000e+03   4.5600000e+02
   1.3250000e+03   4.5600000e+02
   1.3280000e+03   4.5600000e+02
   1.3300000e+03   4.5600000e+02
   1.3380000e+03   4.5700000e+02
   1.3410000e+03   4.5900000e+02
   1.3470000e+03   4.6000000e+02
   1.3490000e+03   4.6000000e+02
   1.3520000e+03   4.6000000e+02
   1.3550000e+03   4.6100000e+02
   1.3600000e+03   4.6100000e+02
   1.3630000e+03   4.6200000e+02
   1.3660000e+03   4.6200000e+02
   1.3680000e+03   4.6200000e+02
   1.3710000e+03   4.6300000e+02
   1.3740000e+03   4.6300000e+02
   1.3760000e+03   4.6300000e+02
   1.3790000e+03   4.6300000e+02
   1.3820000e+03   4.6300000e+02
   1.3850000e+03   4.6300000e+02
   1.3870000e+03   4.6300000e+02
   1.3930000e+03   4.6300000e+02
   1.3950000e+03   4.6300000e+02
   1.3980000e+03   4.6300000e+02
   1.4010000e+03   4.6200000e+02
   1.4040000e+03   4.6300000e+02
   1.4060000e+03   4.6300000e+02
   1.4090000e+03   4.6300000e+02
   1.4120000e+03   4.6200000e+02
   1.4140000e+03   4.6200000e+02
   1.4170000e+03   4.6200000e+02
   1.4200000e+03   4.6100000e+02
   1.4230000e+03   4.6100000e+02
   1.4250000e+03   4.6100000e+02
   1.4280000e+03   4.6100000e+02
   1.4310000e+03   4.6100000e+02
   1.4340000e+03   4.6100000e+02
   1.4360000e+03   4.6100000e+02
   1.4390000e+03   4.6100000e+02
   1.4440000e+03   4.6100000e+02
   1.4470000e+03   4.6100000e+02
   1.4500000e+03   4.6100000e+02
   1.4530000e+03   4.6100000e+02
   1.4550000e+03   4.6100000e+02
   1.4580000e+03   4.6100000e+02
   1.4610000e+03   4.6000000e+02
   1.4640000e+03   4.6000000e+02
   1.4660000e+03   4.6000000e+02
   1.4690000e+03   4.6000000e+02
   1.4720000e+03   4.6000000e+02
   1.4740000e+03   4.6000000e+02
   1.4770000e+03   4.6000000e+02
   1.4800000e+03   4.6000000e+02
   1.4850000e+03   4.5900000e+02
   1.4880000e+03   4.5900000e+02
   1.4910000e+03   4.5900000e+02
   1.4930000e+03   4.5900000e+02
   1.4960000e+03   4.5900000e+02
   1.5020000e+03   4.5800000e+02
   1.5040000e+03   4.5800000e+02
   1.5070000e+03   4.5800000e+02
   1.5100000e+03   4.5700000e+02
   1.5120000e+03   4.5700000e+02
   1.5150000e+03   4.5700000e+02
   1.5180000e+03   4.5800000e+02
   1.5210000e+03   4.5800000e+02
   1.5230000e+03   4.5900000e+02
   1.5260000e+03   4.5900000e+02
   1.5290000e+03   4.5900000e+02
   1.5320000e+03   4.5900000e+02
   1.5340000e+03   4.6000000e+02
   1.5370000e+03   4.6000000e+02
   1.5400000e+03   4.6100000e+02
   1.5420000e+03   4.6100000e+02
   1.5450000e+03   4.6100000e+02
   1.5510000e+03   4.6100000e+02
   1.5530000e+03   4.6100000e+02
   1.5560000e+03   4.6100000e+02
   1.5590000e+03   4.6100000e+02
   1.5610000e+03   4.6100000e+02
   1.5640000e+03   4.6100000e+02
   1.5670000e+03   4.6100000e+02
   1.5690000e+03   4.6200000e+02
   1.5720000e+03   4.6200000e+02
   1.5750000e+03   4.6200000e+02
   1.5780000e+03   4.6200000e+02
   1.5800000e+03   4.6200000e+02
   1.5860000e+03   4.6300000e+02
   1.5910000e+03   4.6400000e+02
   1.5940000e+03   4.6400000e+02
   1.5970000e+03   4.6400000e+02
   1.5990000e+03   4.6400000e+02
   1.6020000e+03   4.6400000e+02
   1.6050000e+03   4.6400000e+02
   1.6100000e+03   4.6400000e+02
   1.6130000e+03   4.6300000e+02
   1.6160000e+03   4.6300000e+02
   1.6190000e+03   4.6300000e+02
   1.6210000e+03   4.6300000e+02
   1.6240000e+03   4.6300000e+02
   1.6270000e+03   4.6300000e+02
   1.6290000e+03   4.6300000e+02
   1.6320000e+03   4.6400000e+02
   1.6350000e+03   4.6400000e+02
   1.6380000e+03   4.6300000e+02
   1.6400000e+03   4.6300000e+02
   1.6430000e+03   4.6300000e+02
   1.6460000e+03   4.6300000e+02
   1.6480000e+03   4.6300000e+02
   1.6510000e+03   4.6300000e+02
   1.6540000e+03   4.6300000e+02
   1.6570000e+03   4.6300000e+02
   1.6590000e+03   4.6400000e+02
   1.6620000e+03   4.6400000e+02
   1.6650000e+03   4.6400000e+02
   1.6670000e+03   4.6400000e+02
   1.6700000e+03   4.6400000e+02
   1.6730000e+03   4.6400000e+02
   1.6760000e+03   4.6400000e+02
   1.6780000e+03   4.6400000e+02
   1.6810000e+03   4.6400000e+02
   1.6840000e+03   4.6400000e+02
   1.6870000e+03   4.6500000e+02
   1.6890000e+03   4.6500000e+02
   1.6920000e+03   4.6500000e+02
   1.6950000e+03   4.6400000e+02
   1.6970000e+03   4.6400000e+02
   1.7000000e+03   4.6400000e+02
   1.7060000e+03   4.6300000e+02
   1.7110000e+03   4.6200000e+02
   1.7140000e+03   4.6100000e+02
   1.7160000e+03   4.6100000e+02
   1.7190000e+03   4.6000000e+02
   1.7220000e+03   4.6000000e+02
   1.7240000e+03   4.6000000e+02
   1.7270000e+03   4.6000000e+02
   1.7330000e+03   4.6000000e+02
   1.7350000e+03   4.6000000e+02
   1.7380000e+03   4.5900000e+02
   1.7410000e+03   4.5900000e+02
   1.7440000e+03   4.5900000e+02
   1.7490000e+03   4.5900000e+02
   1.7540000e+03   4.5800000e+02
   1.7570000e+03   4.5700000e+02
   1.7600000e+03   4.5700000e+02
   1.7650000e+03   4.5800000e+02
   1.7680000e+03   4.5800000e+02
   1.7740000e+03   4.5800000e+02
   1.7760000e+03   4.5800000e+02
   1.7790000e+03   4.5800000e+02
   1.7820000e+03   4.5800000e+02
   1.7840000e+03   4.5800000e+02
   1.7870000e+03   4.5800000e+02
   1.7900000e+03   4.5800000e+02
   1.7950000e+03   4.5800000e+02
   1.7980000e+03   4.5800000e+02
   1.8010000e+03   4.5800000e+02
   1.8040000e+03   4.5800000e+02
   1.8060000e+03   4.5700000e+02
   1.8090000e+03   4.5800000e+02
   1.8120000e+03   4.5800000e+02
   1.8140000e+03   4.5800000e+02
   1.8170000e+03   4.5700000e+02
   1.8200000e+03   4.5700000e+02
   1.8220000e+03   4.5700000e+02
   1.8250000e+03   4.5700000e+02
   1.8280000e+03   4.5700000e+02
   1.8310000e+03   4.5700000e+02
   1.8330000e+03   4.5700000e+02
   1.8390000e+03   4.5800000e+02
   1.8420000e+03   4.5800000e+02
   1.8440000e+03   4.5800000e+02
   1.8470000e+03   4.5700000e+02
   1.8500000e+03   4.5700000e+02
   1.8520000e+03   4.5700000e+02
   1.8550000e+03   4.5600000e+02
   1.8580000e+03   4.5600000e+02
   1.8610000e+03   4.5700000e+02
   1.8630000e+03   4.5700000e+02
   1.8660000e+03   4.5700000e+02
   1.8710000e+03   4.5600000e+02
   1.8770000e+03   4.5600000e+02
   1.8800000e+03   4.5600000e+02
   1.8820000e+03   4.5600000e+02
   1.8880000e+03   4.5600000e+02
   1.8930000e+03   4.5600000e+02
   1.8960000e+03   4.5600000e+02
   1.8990000e+03   4.5600000e+02
   1.9010000e+03   4.5600000e+02
   1.9040000e+03   4.5500000e+02
   1.9070000e+03   4.5500000e+02
   1.9100000e+03   4.5600000e+02
   1.9120000e+03   4.5600000e+02
   1.9150000e+03   4.5600000e+02
   1.9180000e+03   4.5600000e+02
   1.9200000e+03   4.5600000e+02
   1.9230000e+03   4.5600000e+02
   1.9260000e+03   4.5600000e+02
   1.9290000e+03   4.5600000e+02
   1.9310000e+03   4.5600000e+02
   1.9340000e+03   4.5600000e+02
   1.9400000e+03   4.5800000e+02
   1.9420000e+03   4.5800000e+02
   1.9450000e+03   4.5800000e+02
   1.9500000e+03   4.5800000e+02
   1.9530000e+03   4.5800000e+02
   1.9560000e+03   4.5700000e+02
   1.9590000e+03   4.5700000e+02
   1.9610000e+03   4.5700000e+02
   1.9640000e+03   4.5700000e+02
   1.9670000e+03   4.5700000e+02
   1.9690000e+03   4.5700000e+02
   1.9720000e+03   4.5700000e+02
   1.9750000e+03   4.5700000e+02
   1.9780000e+03   4.5700000e+02
   1.9800000e+03   4.5700000e+02
   1.9830000e+03   4.5700000e+02
   1.9860000e+03   4.5700000e+02
   1.9890000e+03   4.5800000e+02
   1.9910000e+03   4.5800000e+02
   1.9940000e+03   4.5800000e+02
   1.9970000e+03   4.5800000e+02
   1.9990000e+03   4.5800000e+02
   2.0020000e+03   4.5800000e+02
   2.0050000e+03   4.5800000e+02
   2.0100000e+03   4.5900000e+02
   2.0130000e+03   4.5900000e+02
   2.0160000e+03   4.5900000e+02
   2.0180000e+03   4.5900000e+02
   2.0210000e+03   4.5900000e+02
   2.0240000e+03   4.5900000e+02
   2.0270000e+03   4.5900000e+02
   2.0290000e+03   4.5900000e+02
   2.0350000e+03   4.5900000e+02
   2.0370000e+03   4.5900000e+02
   2.0400000e+03   4.5900000e+02
   2.0450000e+03   4.5900000e+02
   2.0510000e+03   4.5900000e+02
   2.0540000e+03   4.5800000e+02
   2.0560000e+03   4.5800000e+02
   2.0590000e+03   4.5700000e+02
   2.0620000e+03   4.5700000e+02
   2.0650000e+03   4.5700000e+02
   2.0700000e+03   4.5800000e+02
   2.0730000e+03   4.5800000e+02
   2.0750000e+03   4.5800000e+02
   2.0780000e+03   4.5900000e+02
   2.0810000e+03   4.5900000e+02
   2.0840000e+03   4.5900000e+02
   2.0860000e+03   4.5900000e+02
   2.0890000e+03   4.5900000e+02
   2.0920000e+03   4.5800000e+02
   2.0950000e+03   4.5800000e+02
   2.0970000e+03   4.5800000e+02
   2.1000000e+03   4.5700000e+02
   2.1030000e+03   4.5700000e+02
   2.1080000e+03   4.5700000e+02
   2.1110000e+03   4.5700000e+02
   2.1160000e+03   4.5700000e+02
   2.1190000e+03   4.5600000e+02
   2.1220000e+03   4.5600000e+02
   2.1240000e+03   4.5600000e+02
   2.1270000e+03   4.5600000e+02
   2.1300000e+03   4.5500000e+02
   2.1350000e+03   4.5500000e+02
   2.1380000e+03   4.5500000e+02
   2.1410000e+03   4.5500000e+02
   2.1430000e+03   4.5500000e+02
   2.1460000e+03   4.5500000e+02
   2.1520000e+03   4.5500000e+02
   2.1540000e+03   4.5500000e+02
   2.1570000e+03   4.5600000e+02
   2.1600000e+03   4.5600000e+02
   2.1630000e+03   4.5600000e+02
   2.1650000e+03   4.5600000e+02
   2.1680000e+03   4.5600000e+02
   2.1710000e+03   4.5600000e+02
   2.1760000e+03   4.5600000e+02
   2.1790000e+03   4.5500000e+02
   2.1820000e+03   4.5500000e+02
   2.1840000e+03   4.5500000e+02
   2.1870000e+03   4.5500000e+02
   2.1920000e+03   4.5500000e+02
   2.1950000e+03   4.5500000e+02
   2.2010000e+03   4.5500000e+02
   2.2030000e+03   4.5500000e+02
   2.2060000e+03   4.5500000e+02
   2.2090000e+03   4.5400000e+02
   2.2110000e+03   4.5400000e+02
   2.2140000e+03   4.5400000e+02
   2.2170000e+03   4.5400000e+02
   2.2200000e+03   4.5400000e+02
   2.2220000e+03   4.5400000e+02
   2.2250000e+03   4.5500000e+02
   2.2280000e+03   4.5500000e+02
   2.2310000e+03   4.5500000e+02
   2.2330000e+03   4.5500000e+02
   2.2390000e+03   4.5400000e+02
   2.2410000e+03   4.5400000e+02
   2.2440000e+03   4.5400000e+02
   2.2470000e+03   4.5300000e+02
   2.2500000e+03   4.5200000e+02
   2.2520000e+03   4.5200000e+02
   2.2550000e+03   4.5100000e+02
   2.2580000e+03   4.5100000e+02
   2.2600000e+03   4.5100000e+02
   2.2630000e+03   4.5100000e+02
   2.2660000e+03   4.5100000e+02
   2.2690000e+03   4.5000000e+02
   2.2710000e+03   4.5000000e+02
   2.2740000e+03   4.5000000e+02
   2.2770000e+03   4.5000000e+02
   2.2790000e+03   4.5000000e+02
   2.2820000e+03   4.5000000e+02
   2.2850000e+03   4.5000000e+02
   2.2880000e+03   4.5000000e+02
   2.2900000e+03   4.5000000e+02
   2.2930000e+03   4.5000000e+02
   2.2960000e+03   4.5000000e+02
   2.2990000e+03   4.5000000e+02
   2.3010000e+03   4.5000000e+02
   2.3040000e+03   4.4900000e+02
   2.3070000e+03   4.5000000e+02
   2.3090000e+03   4.5000000e+02
   2.3120000e+03   4.5000000e+02
   2.3150000e+03   4.5000000e+02
   2.3180000e+03   4.5000000e+02
   2.3200000e+03   4.5000000e+02
   2.3230000e+03   4.5000000e+02
   2.3260000e+03   4.5000000e+02
   2.3280000e+03   4.5000000e+02
   2.3310000e+03   4.5000000e+02
   2.3340000e+03   4.4900000e+02
   2.3390000e+03   4.4900000e+02
   2.3420000e+03   4.4900000e+02
   2.3450000e+03   4.5000000e+02
   2.3500000e+03   4.5000000e+02
   2.3530000e+03   4.5000000e+02
   2.3560000e+03   4.5000000e+02
   2.3580000e+03   4.5000000e+02
   2.3610000e+03   4.4900000e+02
   2.3640000e+03   4.4900000e+02
   2.3670000e+03   4.4900000e+02
   2.3690000e+03   4.4900000e+02
   2.3720000e+03   4.4900000e+02
   2.3750000e+03   4.4900000e+02
   2.3770000e+03   4.5000000e+02
   2.3800000e+03   4.5000000e+02
   2.3830000e+03   4.5100000e+02
   2.3860000e+03   4.5200000e+02
   2.3880000e+03   4.5200000e+02
   2.3910000e+03   4.5200000e+02
   2.3940000e+03   4.5300000e+02
   2.3960000e+03   4.5300000e+02
   2.3990000e+03   4.5300000e+02
   2.4050000e+03   4.5400000e+02
   2.4070000e+03   4.5300000e+02
   2.4100000e+03   4.5300000e+02
   2.4130000e+03   4.5300000e+02
   2.4160000e+03   4.5300000e+02
   2.4180000e+03   4.5300000e+02
   2.4240000e+03   4.5300000e+02
   2.4260000e+03   4.5300000e+02
   2.4290000e+03   4.5300000e+02
   2.4320000e+03   4.5300000e+02
   2.4350000e+03   4.5300000e+02
   2.4370000e+03   4.5300000e+02
   2.4400000e+03   4.5200000e+02
   2.4430000e+03   4.5200000e+02
   2.4450000e+03   4.5300000e+02
   2.4480000e+03   4.5300000e+02
   2.4510000e+03   4.5300000e+02
   2.4540000e+03   4.5400000e+02
   2.4560000e+03   4.5400000e+02
   2.4590000e+03   4.5400000e+02
   2.4620000e+03   4.5500000e+02
   2.4640000e+03   4.5400000e+02
   2.4700000e+03   4.5400000e+02
   2.4730000e+03   4.5400000e+02
   2.4750000e+03   4.5500000e+02
   2.4780000e+03   4.5500000e+02
   2.4810000e+03   4.5600000e+02
   2.4840000e+03   4.5600000e+02
   2.4860000e+03   4.5600000e+02
   2.4890000e+03   4.5600000e+02
   2.4920000e+03   4.5600000e+02
   2.4940000e+03   4.5600000e+02
   2.4970000e+03   4.5600000e+02
   2.5000000e+03   4.5600000e+02
   2.5050000e+03   4.5600000e+02
   2.5080000e+03   4.5600000e+02
   2.5110000e+03   4.5600000e+02
   2.5130000e+03   4.5500000e+02
   2.5160000e+03   4.5600000e+02
   2.5190000e+03   4.5600000e+02
   2.5220000e+03   4.5500000e+02
   2.5240000e+03   4.5500000e+02
   2.5270000e+03   4.5500000e+02
   2.5300000e+03   4.5500000e+02
   2.5320000e+03   4.5500000e+02
   2.5350000e+03   4.5500000e+02
   2.5380000e+03   4.5500000e+02
   2.5430000e+03   4.5500000e+02
   2.5460000e+03   4.5400000e+02
   2.5490000e+03   4.5400000e+02
   2.5520000e+03   4.5400000e+02
   2.5540000e+03   4.5300000e+02
   2.5570000e+03   4.5200000e+02
   2.5600000e+03   4.5100000e+02
   2.5650000e+03   4.5000000e+02
   2.5680000e+03   4.4900000e+02
   2.5730000e+03   4.4800000e+02
   2.5760000e+03   4.4800000e+02
   2.5790000e+03   4.4800000e+02
   2.5810000e+03   4.4800000e+02
   2.5840000e+03   4.4800000e+02
   2.5870000e+03   4.4800000e+02
   2.5900000e+03   4.4800000e+02
   2.5950000e+03   4.4900000e+02
   2.5970000e+03   4.4900000e+02
   2.6010000e+03   4.4900000e+02
   2.6030000e+03   4.4900000e+02
   2.6060000e+03   4.4900000e+02
   2.6090000e+03   4.5000000e+02
   2.6110000e+03   4.5000000e+02
   2.6140000e+03   4.5000000e+02
   2.6190000e+03   4.5200000e+02
   2.6220000e+03   4.5300000e+02
   2.6250000e+03   4.5400000e+02
   2.6280000e+03   4.5500000e+02
   2.6300000e+03   4.5500000e+02
   2.6330000e+03   4.5500000e+02
   2.6360000e+03   4.5600000e+02
   2.6390000e+03   4.5600000e+02
   2.6410000e+03   4.5600000e+02
   2.6470000e+03   4.5700000e+02
   2.6490000e+03   4.5700000e+02
   2.6520000e+03   4.5700000e+02
   2.6550000e+03   4.5700000e+02
   2.6580000e+03   4.5600000e+02
   2.6600000e+03   4.5600000e+02
   2.6630000e+03   4.5600000e+02
   2.6660000e+03   4.5600000e+02
   2.6690000e+03   4.5600000e+02
   2.6740000e+03   4.5600000e+02
   2.6770000e+03   4.5600000e+02
   2.6800000e+03   4.5700000e+02
   2.6850000e+03   4.5900000e+02
   2.6880000e+03   4.5900000e+02
   2.6910000e+03   4.5800000e+02
   2.6940000e+03   4.5800000e+02
   2.6960000e+03   4.5800000e+02
   2.6990000e+03   4.5700000e+02
   2.7020000e+03   4.5600000e+02
   2.7050000e+03   4.5600000e+02
   2.7070000e+03   4.5500000e+02
   2.7130000e+03   4.5500000e+02
   2.7160000e+03   4.5500000e+02
   2.7180000e+03   4.5500000e+02
   2.7240000e+03   4.5400000e+02
   2.7270000e+03   4.5300000e+02
   2.7320000e+03   4.5300000e+02
   2.7350000e+03   4.5400000e+02
   2.7380000e+03   4.5400000e+02
   2.7400000e+03   4.5500000e+02
   2.7430000e+03   4.5500000e+02
   2.7460000e+03   4.5500000e+02
   2.7490000e+03   4.5500000e+02
   2.7520000e+03   4.5600000e+02
  -4.4005000e+04   4.4900000e+02
  -4.4002000e+04   4.4900000e+02
  -4.3997000e+04   4.4800000e+02
  -4.3994000e+04   4.4900000e+02
  -4.3992000e+04   4.4900000e+02
  -4.3989000e+04   4.4900000e+02
  -4.3987000e+04   4.4900000e+02
  -4.3984000e+04   4.4800000e+02
  -4.3981000e+04   4.4700000e+02
  -4.3979000e+04   4.4700000e+02
  -4.3976000e+04   4.4600000e+02
  -4.3968000e+04   4.4200000e+02
  -4.3965000e+04   4.4200000e+02
  -4.3963000e+04   4.4200000e+02
  -4.3960000e+04   4.4200000e+02
  -4.3957000e+04   4.4300000e+02
  -4.3955000e+04   4.4300000e+02
  -4.3882000e+04   4.5000000e+02
  -4.3879000e+04   4.5000000e+02
  -4.3877000e+04   4.5000000e+02
  -4.3874000e+04   4.5000000e+02
  -4.3871000e+04   4.5000000e+02
  -4.3868000e+04   4.4900000e+02
  -4.3866000e+04   4.5000000e+02
  -4.3863000e+04   4.4900000e+02
  -4.3860000e+04   4.5000000e+02
  -4.3858000e+04   4.5000000e+02
  -4.3855000e+04   4.5000000e+02
  -4.3852000e+04   4.5000000e+02
  -4.3850000e+04   4.5000000e+02
  -4.3847000e+04   4.4900000e+02
  -4.3844000e+04   4.5000000e+02
  -4.3842000e+04   4.5000000e+02
  -4.3804000e+04   4.5200000e+02
  -4.3801000e+04   4.5200000e+02
  -4.3798000e+04   4.5300000e+02
  -4.3796000e+04   4.5300000e+02
  -4.3793000e+04   4.5400000e+02
  -4.3787000e+04   4.5300000e+02
  -4.3782000e+04   4.5200000e+02
  -4.3779000e+04   4.5100000e+02
  -4.3777000e+04   4.5100000e+02
  -4.3774000e+04   4.5100000e+02
  -4.3771000e+04   4.5000000e+02
  -4.3768000e+04   4.5000000e+02
  -4.3690000e+04   4.5500000e+02
  -4.3687000e+04   4.5500000e+02
  -4.3684000e+04   4.5500000e+02
  -4.3681000e+04   4.5500000e+02
  -4.3679000e+04   4.5500000e+02
  -4.3676000e+04   4.5500000e+02
  -4.3673000e+04   4.5500000e+02
  -4.3670000e+04   4.5500000e+02
  -4.3668000e+04   4.5500000e+02
  -4.3665000e+04   4.5500000e+02
  -4.3662000e+04   4.5500000e+02
  -4.3660000e+04   4.5500000e+02
  -4.3657000e+04   4.5400000e+02
  -4.3654000e+04   4.5300000e+02
  -4.3651000e+04   4.5300000e+02
  -4.3649000e+04   4.5400000e+02
  -4.3646000e+04   4.5400000e+02
  -4.3638000e+04   4.5400000e+02
  -4.3635000e+04   4.5400000e+02
  -4.3632000e+04   4.5300000e+02
  -4.3621000e+04   4.5300000e+02
  -4.3602000e+04   4.5400000e+02
  -4.3600000e+04   4.5400000e+02
  -4.3597000e+04   4.5400000e+02
  -4.3594000e+04   4.5400000e+02
  -4.3592000e+04   4.5400000e+02
  -4.3589000e+04   4.5400000e+02
  -4.3586000e+04   4.5400000e+02
  -4.3583000e+04   4.5400000e+02
  -4.3581000e+04   4.5300000e+02
  -4.3578000e+04   4.5300000e+02
  -4.3575000e+04   4.5300000e+02
  -4.3573000e+04   4.5300000e+02
  -4.3570000e+04   4.5300000e+02
  -4.3488000e+04   4.5300000e+02
  -4.3485000e+04   4.5300000e+02
  -4.3483000e+04   4.5300000e+02
  -4.3480000e+04   4.5300000e+02
  -4.3477000e+04   4.5300000e+02
  -4.3475000e+04   4.5300000e+02
  -4.3472000e+04   4.5300000e+02
  -4.3469000e+04   4.5300000e+02
  -4.3467000e+04   4.5400000e+02
  -4.3464000e+04   4.5400000e+02
  -4.3461000e+04   4.5400000e+02
  -4.3458000e+04   4.5300000e+02
  -4.3456000e+04   4.5300000e+02
  -4.3530000e+03   4.4700000e+02
  -4.3560000e+03   4.4700000e+02
  -4.3590000e+03   4.4700000e+02
  -4.3500000e+03   4.4600000e+02
  -4.3480000e+03   4.4700000e+02
  -4.3340000e+03   4.4900000e+02
  -4.3310000e+03   4.4900000e+02
  -4.3290000e+03   4.4900000e+02
  -4.3210000e+03   4.5300000e+02
  -4.3230000e+03   4.5200000e+02
  -4.3260000e+03   4.5000000e+02
  -4.3180000e+03   4.5200000e+02
  -4.3130000e+03   4.5100000e+02
  -4.3100000e+03   4.5100000e+02
  -4.3150000e+03   4.5200000e+02
  -4.3070000e+03   4.5100000e+02
  -3.7060000e+03   4.4900000e+02
  -3.7030000e+03   4.4900000e+02
  -3.7000000e+03   4.4900000e+02
  -3.6950000e+03   4.4800000e+02
  -3.6920000e+03   4.4700000e+02
  -3.6900000e+03   4.4700000e+02
  -3.6870000e+03   4.4800000e+02
  -3.6840000e+03   4.4700000e+02
  -3.6810000e+03   4.4900000e+02
  -3.6790000e+03   4.4800000e+02
  -3.6760000e+03   4.4800000e+02
  -3.6730000e+03   4.4800000e+02
  -3.6700000e+03   4.4700000e+02
  -3.6680000e+03   4.4600000e+02
  -3.6650000e+03   4.4500000e+02
  -3.6620000e+03   4.4400000e+02
  -3.6600000e+03   4.4400000e+02
  -3.6570000e+03   4.4600000e+02
  -3.6510000e+03   4.4700000e+02
  -3.6460000e+03   4.4700000e+02
  -3.6410000e+03   4.4800000e+02
  -3.6380000e+03   4.4700000e+02
  -3.6350000e+03   4.4800000e+02
  -3.6320000e+03   4.4800000e+02
  -3.6300000e+03   4.4900000e+02
  -3.6270000e+03   4.4900000e+02
  -3.6240000e+03   4.4900000e+02
  -3.6160000e+03   4.4500000e+02
  -3.6130000e+03   4.4400000e+02
  -3.6110000e+03   4.4400000e+02
  -3.6080000e+03   4.4500000e+02
  -3.6050000e+03   4.4500000e+02
  -3.6020000e+03   4.4500000e+02
  -3.5100000e+03   4.4400000e+02
  -3.5070000e+03   4.4400000e+02
  -3.5040000e+03   4.4400000e+02
  -3.5020000e+03   4.4400000e+02
  -3.4990000e+03   4.4500000e+02
  -3.4960000e+03   4.4500000e+02
  -3.4930000e+03   4.4600000e+02
  -3.4910000e+03   4.4600000e+02
  -3.4880000e+03   4.4700000e+02
  -3.4830000e+03   4.4900000e+02
  -3.4800000e+03   4.4900000e+02
  -3.4740000e+03   4.4900000e+02
  -3.4720000e+03   4.4900000e+02
  -3.4690000e+03   4.4800000e+02
  -3.4660000e+03   4.4700000e+02
  -3.4640000e+03   4.4700000e+02
  -3.4610000e+03   4.4700000e+02
  -3.4580000e+03   4.4700000e+02
  -3.4550000e+03   4.4600000e+02
  -3.4530000e+03   4.4600000e+02
  -3.4500000e+03   4.4600000e+02
  -3.4470000e+03   4.4700000e+02
  -3.4450000e+03   4.4600000e+02
  -3.4420000e+03   4.4700000e+02
  -3.4360000e+03   4.4700000e+02
  -3.4280000e+03   4.4500000e+02
  -3.4250000e+03   4.4500000e+02
  -3.4220000e+03   4.4400000e+02
  -3.4200000e+03   4.4400000e+02
  -3.4170000e+03   4.4400000e+02
  -3.4120000e+03   4.4500000e+02
  -3.4060000e+03   4.4600000e+02
  -3.4010000e+03   4.4900000e+02
  -3.3980000e+03   4.4900000e+02
  -3.3950000e+03   4.4900000e+02
  -3.3920000e+03   4.4900000e+02
  -3.3900000e+03   4.4900000e+02
  -3.3870000e+03   4.4900000e+02
  -3.3820000e+03   4.4800000e+02
  -3.3790000e+03   4.4700000e+02
  -3.3730000e+03   4.4800000e+02
  -3.3710000e+03   4.4800000e+02
  -3.3680000e+03   4.4800000e+02
  -3.3650000e+03   4.4900000e+02
  -3.3630000e+03   4.4900000e+02
  -3.3600000e+03   4.5000000e+02
  -3.3570000e+03   4.5000000e+02
  -3.3490000e+03   4.5100000e+02
  -3.3470000e+03   4.5000000e+02
  -3.3440000e+03   4.4900000e+02
  -3.3410000e+03   4.4900000e+02
  -3.3380000e+03   4.4900000e+02
  -3.3350000e+03   4.5000000e+02
  -3.3330000e+03   4.4900000e+02
  -3.3300000e+03   4.5100000e+02
  -3.3270000e+03   4.5100000e+02
  -3.3250000e+03   4.5100000e+02
  -3.3190000e+03   4.5000000e+02
  -3.3160000e+03   4.5000000e+02
  -3.3140000e+03   4.5000000e+02
  -3.3110000e+03   4.5000000e+02
  -3.3080000e+03   4.5000000e+02
  -3.3050000e+03   4.5100000e+02
  -3.3030000e+03   4.5100000e+02
  -3.2950000e+03   4.4800000e+02
  -3.2920000e+03   4.4800000e+02
  -3.2890000e+03   4.4800000e+02
  -3.2840000e+03   4.4800000e+02
  -3.2810000e+03   4.4800000e+02
  -3.2780000e+03   4.4800000e+02
  -3.2760000e+03   4.4800000e+02
  -3.2730000e+03   4.4800000e+02
  -3.2670000e+03   4.4800000e+02
  -3.2650000e+03   4.4800000e+02
  -3.2620000e+03   4.4700000e+02
  -3.2590000e+03   4.4600000e+02
  -3.2570000e+03   4.4600000e+02
  -3.2540000e+03   4.4500000e+02
  -3.2510000e+03   4.4500000e+02
  -3.2480000e+03   4.4600000e+02
  -3.2430000e+03   4.4600000e+02
  -3.2400000e+03   4.4600000e+02
  -3.2370000e+03   4.4600000e+02
  -3.2320000e+03   4.4700000e+02
  -3.2290000e+03   4.4800000e+02
  -3.2270000e+03   4.4800000e+02
  -3.2240000e+03   4.4900000e+02
  -3.2210000e+03   4.4900000e+02
  -3.2130000e+03   4.5100000e+02
  -3.2070000e+03   4.4900000e+02
  -3.2050000e+03   4.4700000e+02
  -3.2020000e+03   4.4600000e+02
  -3.1990000e+03   4.4700000e+02
  -3.1970000e+03   4.4800000e+02
  -3.1940000e+03   4.4700000e+02
  -3.1910000e+03   4.4600000e+02
  -3.1880000e+03   4.4700000e+02
  -3.1860000e+03   4.4700000e+02
  -3.1830000e+03   4.4900000e+02
  -3.1800000e+03   4.4900000e+02
  -3.1770000e+03   4.4900000e+02
  -3.1690000e+03   4.4900000e+02
  -3.1640000e+03   4.4900000e+02
  -3.1620000e+03   4.4900000e+02
  -3.1580000e+03   4.4900000e+02
  -3.1560000e+03   4.4900000e+02
  -3.1530000e+03   4.4900000e+02
  -3.1510000e+03   4.4900000e+02
  -3.1480000e+03   4.4700000e+02
  -3.1450000e+03   4.4700000e+02
  -3.1420000e+03   4.4600000e+02
  -3.1390000e+03   4.4700000e+02
  -3.1370000e+03   4.4800000e+02
  -3.1340000e+03   4.4900000e+02
  -3.1310000e+03   4.4800000e+02
  -3.1290000e+03   4.4600000e+02
  -3.1230000e+03   4.4500000e+02
  -3.1200000e+03   4.4500000e+02
  -3.1150000e+03   4.4400000e+02
  -3.1120000e+03   4.4500000e+02
  -3.1090000e+03   4.4600000e+02
  -3.1070000e+03   4.4500000e+02
  -3.1040000e+03   4.4600000e+02
  -3.1010000e+03   4.4700000e+02
  -3.0990000e+03   4.4700000e+02
  -3.0960000e+03   4.4800000e+02
  -3.0930000e+03   4.4900000e+02
  -3.0900000e+03   4.4800000e+02
  -3.0850000e+03   4.4800000e+02
  -3.0820000e+03   4.4800000e+02
  -3.0800000e+03   4.4600000e+02
  -3.0770000e+03   4.4400000e+02
  -3.0740000e+03   4.4400000e+02
  -3.0710000e+03   4.4300000e+02
  -3.0550000e+03   4.4300000e+02
  -3.0520000e+03   4.4400000e+02
  -3.0440000e+03   4.4600000e+02
  -3.0420000e+03   4.4600000e+02
  -3.0390000e+03   4.4800000e+02
  -3.0330000e+03   4.4900000e+02
  -3.0310000e+03   4.4800000e+02
  -3.0280000e+03   4.4800000e+02
  -3.0250000e+03   4.4900000e+02
  -3.0220000e+03   4.4900000e+02
  -3.0200000e+03   4.5000000e+02
  -3.0170000e+03   4.5100000e+02
  -3.0140000e+03   4.5100000e+02
  -3.0120000e+03   4.5100000e+02
  -3.0090000e+03   4.4900000e+02
  -3.0060000e+03   4.4900000e+02
  -3.0030000e+03   4.4800000e+02
  -3.0010000e+03   4.4800000e+02
  -2.9980000e+03   4.4800000e+02
  -2.9950000e+03   4.5000000e+02
  -2.9930000e+03   4.5000000e+02
  -2.9900000e+03   4.5100000e+02
  -2.9840000e+03   4.5100000e+02
  -2.9790000e+03   4.4800000e+02
  -2.9760000e+03   4.4800000e+02
  -2.9730000e+03   4.4800000e+02
  -2.9710000e+03   4.4800000e+02
  -2.9680000e+03   4.4900000e+02
  -2.9650000e+03   4.4700000e+02
  -2.9600000e+03   4.4700000e+02
  -2.9570000e+03   4.4600000e+02
  -2.9540000e+03   4.4700000e+02
  -2.9490000e+03   4.4700000e+02
  -2.9460000e+03   4.4700000e+02
  -2.9440000e+03   4.4700000e+02
  -2.9410000e+03   4.4700000e+02
  -2.9380000e+03   4.4800000e+02
  -2.9330000e+03   4.4800000e+02
  -2.9300000e+03   4.4800000e+02
  -2.9270000e+03   4.4900000e+02
  -2.9240000e+03   4.4900000e+02
  -2.9220000e+03   4.5000000e+02
  -2.9190000e+03   4.5100000e+02
  -2.9170000e+03   4.5100000e+02
  -2.9140000e+03   4.5200000e+02
  -2.9080000e+03   4.5300000e+02
  -2.9060000e+03   4.5300000e+02
  -2.9030000e+03   4.5300000e+02
  -2.9000000e+03   4.5300000e+02
  -2.8970000e+03   4.5300000e+02
  -2.8950000e+03   4.5300000e+02
  -2.8920000e+03   4.5300000e+02
  -2.8890000e+03   4.5300000e+02
  -2.8860000e+03   4.5300000e+02
  -2.8810000e+03   4.5300000e+02
  -2.8780000e+03   4.5200000e+02
  -2.8730000e+03   4.5100000e+02
  -2.8700000e+03   4.5100000e+02
  -2.8650000e+03   4.5100000e+02
  -2.8620000e+03   4.5000000e+02
  -2.8590000e+03   4.5000000e+02
  -2.8570000e+03   4.5000000e+02
  -2.8540000e+03   4.5000000e+02
  -2.8510000e+03   4.5000000e+02
  -2.8480000e+03   4.4900000e+02
  -2.8460000e+03   4.4900000e+02
  -2.8430000e+03   4.4900000e+02
  -2.8400000e+03   4.5000000e+02
  -2.8370000e+03   4.4800000e+02
  -2.8350000e+03   4.4800000e+02
  -2.8290000e+03   4.4800000e+02
  -2.8270000e+03   4.4700000e+02
  -2.8240000e+03   4.4600000e+02
  -2.8210000e+03   4.4500000e+02
  -2.8180000e+03   4.4500000e+02
  -2.8130000e+03   4.4500000e+02
  -2.8080000e+03   4.4400000e+02
  -2.8050000e+03   4.4600000e+02
  -2.8020000e+03   4.4600000e+02
  -2.7990000e+03   4.4600000e+02
  -2.7970000e+03   4.4700000e+02
  -2.7940000e+03   4.4800000e+02
  -2.7910000e+03   4.4700000e+02
  -2.7890000e+03   4.4700000e+02
  -2.7860000e+03   4.4700000e+02
  -2.7800000e+03   4.4900000e+02
  -2.7780000e+03   4.4800000e+02
  -2.7750000e+03   4.4800000e+02
  -2.7690000e+03   4.4700000e+02
  -2.7670000e+03   4.4700000e+02
  -2.7640000e+03   4.4700000e+02
  -2.7610000e+03   4.4700000e+02
  -2.7590000e+03   4.4600000e+02
  -2.7500000e+03   4.4500000e+02
  -2.7480000e+03   4.4500000e+02
  -2.7450000e+03   4.4500000e+02
  -2.7420000e+03   4.4500000e+02
  -2.7400000e+03   4.4500000e+02
  -2.7370000e+03   4.4500000e+02
  -2.7310000e+03   4.4500000e+02
  -2.7290000e+03   4.4500000e+02
  -2.7260000e+03   4.4400000e+02
  -2.7200000e+03   4.4500000e+02
  -2.7180000e+03   4.4500000e+02
  -2.7150000e+03   4.4600000e+02
  -2.7120000e+03   4.4600000e+02
  -2.7100000e+03   4.4600000e+02
  -2.7070000e+03   4.4700000e+02
  -2.7040000e+03   4.4700000e+02
  -2.7010000e+03   4.4700000e+02
  -2.6990000e+03   4.4600000e+02
  -2.6960000e+03   4.4600000e+02
  -2.6930000e+03   4.4700000e+02
  -2.6910000e+03   4.4700000e+02
  -2.6880000e+03   4.4700000e+02
  -2.6850000e+03   4.4700000e+02
  -2.6820000e+03   4.4700000e+02
  -2.6800000e+03   4.4800000e+02
  -2.6770000e+03   4.4800000e+02
  -2.6710000e+03   4.4700000e+02
  -2.6690000e+03   4.4800000e+02
  -2.6660000e+03   4.4700000e+02
  -2.6630000e+03   4.4700000e+02
  -2.6610000e+03   4.4700000e+02
  -2.6580000e+03   4.4700000e+02
  -2.6520000e+03   4.4900000e+02
  -2.6500000e+03   4.4800000e+02
  -2.6470000e+03   4.4700000e+02
  -2.6420000e+03   4.4700000e+02
  -2.6390000e+03   4.4700000e+02
  -2.6360000e+03   4.4600000e+02
  -2.6340000e+03   4.4500000e+02
  -2.6310000e+03   4.4500000e+02
  -2.6280000e+03   4.4600000e+02
  -2.6250000e+03   4.4600000e+02
  -2.6220000e+03   4.4700000e+02
  -2.6200000e+03   4.4800000e+02
  -2.6170000e+03   4.4700000e+02
  -2.6120000e+03   4.4700000e+02
  -2.6090000e+03   4.4700000e+02
  -2.6070000e+03   4.4700000e+02
  -2.6030000e+03   4.4600000e+02
  -2.6010000e+03   4.4600000e+02
  -2.5980000e+03   4.4600000e+02
  -2.5930000e+03   4.4500000e+02
  -2.5900000e+03   4.4500000e+02
  -2.5870000e+03   4.4400000e+02
  -2.5850000e+03   4.4400000e+02
  -2.5790000e+03   4.4400000e+02
  -2.5760000e+03   4.4400000e+02
  -2.5680000e+03   4.4400000e+02
  -2.5650000e+03   4.4500000e+02
  -2.5600000e+03   4.4600000e+02
  -2.5550000e+03   4.4600000e+02
  -2.5520000e+03   4.4600000e+02
  -2.5490000e+03   4.4600000e+02
  -2.5460000e+03   4.4600000e+02
  -2.5440000e+03   4.4600000e+02
  -2.5410000e+03   4.4600000e+02
  -2.5380000e+03   4.4700000e+02
  -2.5360000e+03   4.4800000e+02
  -2.5330000e+03   4.4800000e+02
  -2.5300000e+03   4.4800000e+02
  -2.5270000e+03   4.4800000e+02
  -2.5250000e+03   4.4900000e+02
  -2.5220000e+03   4.4900000e+02
  -2.5190000e+03   4.4900000e+02
  -2.5170000e+03   4.4900000e+02
  -2.5140000e+03   4.4900000e+02
  -2.5110000e+03   4.4900000e+02
  -2.5060000e+03   4.4900000e+02
  -2.5030000e+03   4.4900000e+02
  -2.5000000e+03   4.4900000e+02
  -2.4970000e+03   4.4900000e+02
  -2.4950000e+03   4.4900000e+02
  -2.4920000e+03   4.4900000e+02
  -2.4890000e+03   4.4900000e+02
  -2.4870000e+03   4.4900000e+02
  -2.4810000e+03   4.4900000e+02
  -2.4780000e+03   4.4900000e+02
  -2.4700000e+03   4.4900000e+02
  -2.4670000e+03   4.4900000e+02
  -2.4650000e+03   4.4900000e+02
  -2.4620000e+03   4.5000000e+02
  -2.4590000e+03   4.5000000e+02
  -2.4540000e+03   4.4900000e+02
  -2.4460000e+03   4.4900000e+02
  -2.4400000e+03   4.5000000e+02
  -2.4380000e+03   4.5000000e+02
  -2.4350000e+03   4.5000000e+02
  -2.4290000e+03   4.5000000e+02
  -2.4270000e+03   4.5000000e+02
  -2.4240000e+03   4.5000000e+02
  -2.4210000e+03   4.5100000e+02
  -2.4190000e+03   4.5100000e+02
  -2.4160000e+03   4.5100000e+02
  -2.4130000e+03   4.5100000e+02
  -2.4100000e+03   4.5100000e+02
  -2.4080000e+03   4.5100000e+02
  -2.4050000e+03   4.5100000e+02
  -2.3990000e+03   4.5000000e+02
  -2.3970000e+03   4.5000000e+02
  -2.3890000e+03   4.5100000e+02
  -2.3860000e+03   4.5100000e+02
  -2.3830000e+03   4.5100000e+02
  -2.3800000e+03   4.5200000e+02
  -2.3780000e+03   4.5200000e+02
  -2.3750000e+03   4.5200000e+02
  -2.3720000e+03   4.5200000e+02
  -2.3700000e+03   4.5200000e+02
  -2.3670000e+03   4.5100000e+02
  -2.3640000e+03   4.5100000e+02
  -2.3610000e+03   4.5000000e+02
  -2.3590000e+03   4.5000000e+02
  -2.3560000e+03   4.4900000e+02
  -2.3530000e+03   4.4900000e+02
  -2.3500000e+03   4.4800000e+02
  -2.3480000e+03   4.4800000e+02
  -2.3450000e+03   4.4800000e+02
  -2.3420000e+03   4.4800000e+02
  -2.3370000e+03   4.4800000e+02
  -2.3260000e+03   4.4800000e+02
  -2.3230000e+03   4.4800000e+02
  -2.3210000e+03   4.4800000e+02
  -2.3180000e+03   4.4800000e+02
  -2.3150000e+03   4.4800000e+02
  -2.3120000e+03   4.4800000e+02
  -2.3100000e+03   4.4900000e+02
  -2.3070000e+03   4.4900000e+02
  -2.3010000e+03   4.4900000e+02
  -2.2990000e+03   4.4900000e+02
  -2.2960000e+03   4.4900000e+02
  -2.2930000e+03   4.4900000e+02
  -2.2910000e+03   4.4900000e+02
  -2.2880000e+03   4.4900000e+02
  -2.2850000e+03   4.4800000e+02
  -2.2830000e+03   4.4800000e+02
  -2.2800000e+03   4.4800000e+02
  -2.2740000e+03   4.4800000e+02
  -2.2690000e+03   4.4800000e+02
  -2.2630000e+03   4.4800000e+02
  -2.2610000e+03   4.4800000e+02
  -2.2580000e+03   4.4800000e+02
  -2.2550000e+03   4.4800000e+02
  -2.2520000e+03   4.4800000e+02
  -2.2500000e+03   4.4800000e+02
  -2.2470000e+03   4.4800000e+02
  -2.2440000e+03   4.4800000e+02
  -2.2420000e+03   4.4800000e+02
  -2.2390000e+03   4.4800000e+02
  -2.2360000e+03   4.4700000e+02
  -2.2330000e+03   4.4700000e+02
  -2.2310000e+03   4.4700000e+02
  -2.2280000e+03   4.4700000e+02
  -2.2220000e+03   4.4800000e+02
  -2.2200000e+03   4.4800000e+02
  -2.2140000e+03   4.4700000e+02
  -2.2090000e+03   4.5000000e+02
  -2.2070000e+03   4.4800000e+02
  -2.2040000e+03   4.4800000e+02
  -2.2010000e+03   4.4800000e+02
  -2.1980000e+03   4.4800000e+02
  -2.1950000e+03   4.4700000e+02
  -2.1930000e+03   4.4700000e+02
  -2.1900000e+03   4.4700000e+02
  -2.1870000e+03   4.4800000e+02
  -2.1790000e+03   4.4800000e+02
  -2.1760000e+03   4.4800000e+02
  -2.1740000e+03   4.4800000e+02
  -2.1710000e+03   4.4800000e+02
  -2.1680000e+03   4.4800000e+02
  -2.1630000e+03   4.4800000e+02
  -2.1600000e+03   4.4800000e+02
  -2.1570000e+03   4.4800000e+02
  -2.1520000e+03   4.4800000e+02
  -2.1460000e+03   4.4800000e+02
  -2.1440000e+03   4.4800000e+02
  -2.1410000e+03   4.4800000e+02
  -2.1380000e+03   4.4800000e+02
  -2.1350000e+03   4.4800000e+02
  -2.1330000e+03   4.4800000e+02
  -2.1300000e+03   4.4800000e+02
  -2.1250000e+03   4.4800000e+02
  -2.1220000e+03   4.4800000e+02
  -2.1190000e+03   4.4800000e+02
  -2.1160000e+03   4.4700000e+02
  -2.1140000e+03   4.4700000e+02
  -2.1110000e+03   4.4700000e+02
  -2.1080000e+03   4.4700000e+02
  -2.1060000e+03   4.4600000e+02
  -2.1030000e+03   4.4600000e+02
  -2.1000000e+03   4.4600000e+02
  -2.0970000e+03   4.4600000e+02
  -2.0950000e+03   4.4600000e+02
  -2.0840000e+03   4.4700000e+02
  -2.0810000e+03   4.4700000e+02
  -2.0760000e+03   4.4700000e+02
  -2.0730000e+03   4.4700000e+02
  -2.0700000e+03   4.4800000e+02
  -2.0670000e+03   4.4800000e+02
  -2.0650000e+03   4.4800000e+02
  -2.0620000e+03   4.4800000e+02
  -2.0590000e+03   4.4800000e+02
  -2.0540000e+03   4.4800000e+02
  -2.0510000e+03   4.4800000e+02
  -2.0490000e+03   4.4800000e+02
  -2.0460000e+03   4.4800000e+02
  -2.0430000e+03   4.4800000e+02
  -2.0400000e+03   4.4900000e+02
  -2.0380000e+03   4.4900000e+02
  -2.0290000e+03   4.4800000e+02
  -2.0270000e+03   4.4800000e+02
  -2.0240000e+03   4.4800000e+02
  -2.0210000e+03   4.4800000e+02
  -2.0160000e+03   4.4700000e+02
  -2.0130000e+03   4.4700000e+02
  -2.0080000e+03   4.4700000e+02
  -2.0050000e+03   4.4600000e+02
  -1.9990000e+03   4.4600000e+02
  -1.9970000e+03   4.4600000e+02
  -1.9940000e+03   4.4700000e+02
  -1.9890000e+03   4.4700000e+02
  -1.9860000e+03   4.4800000e+02
  -1.9830000e+03   4.4800000e+02
  -1.9800000e+03   4.4800000e+02
  -1.9780000e+03   4.4800000e+02
  -1.9750000e+03   4.4800000e+02
  -1.9720000e+03   4.4800000e+02
  -1.9690000e+03   4.4800000e+02
  -1.9670000e+03   4.4800000e+02
  -1.9640000e+03   4.4700000e+02
  -1.9590000e+03   4.4700000e+02
  -1.9560000e+03   4.4700000e+02
  -1.9530000e+03   4.4700000e+02
  -1.9500000e+03   4.4700000e+02
  -1.9480000e+03   4.4700000e+02
  -1.9450000e+03   4.4700000e+02
  -1.9420000e+03   4.4700000e+02
  -1.9400000e+03   4.4700000e+02
  -1.9370000e+03   4.4600000e+02
  -1.9340000e+03   4.4600000e+02
  -1.9310000e+03   4.4600000e+02
  -1.9290000e+03   4.4500000e+02
  -1.9260000e+03   4.4500000e+02
  -1.9230000e+03   4.4500000e+02
  -1.9200000e+03   4.4500000e+02
  -1.9150000e+03   4.4500000e+02
  -1.9120000e+03   4.4500000e+02
  -1.9090000e+03   4.4500000e+02
  -1.9070000e+03   4.4500000e+02
  -1.9040000e+03   4.4500000e+02
  -1.9010000e+03   4.4500000e+02
  -1.8980000e+03   4.4500000e+02
  -1.8960000e+03   4.4500000e+02
  -1.8930000e+03   4.4500000e+02
  -1.8900000e+03   4.4500000e+02
  -1.8650000e+03   4.4600000e+02
  -1.8600000e+03   4.4600000e+02
  -1.8570000e+03   4.4600000e+02
  -1.8510000e+03   4.4600000e+02
  -1.8400000e+03   4.4600000e+02
  -1.8320000e+03   4.4600000e+02
  -1.8290000e+03   4.4500000e+02
  -1.8210000e+03   4.4500000e+02
  -1.8180000e+03   4.4500000e+02
  -1.8130000e+03   4.4500000e+02
  -1.8070000e+03   4.4600000e+02
  -1.8020000e+03   4.4600000e+02
  -1.7990000e+03   4.4600000e+02
  -1.7960000e+03   4.4600000e+02
  -1.7930000e+03   4.4700000e+02
  -1.7910000e+03   4.4700000e+02
  -1.7880000e+03   4.4700000e+02
  -1.7850000e+03   4.4700000e+02
  -1.7820000e+03   4.4800000e+02
  -1.7770000e+03   4.4800000e+02
  -1.7740000e+03   4.4800000e+02
  -1.7710000e+03   4.4800000e+02
  -1.7690000e+03   4.4800000e+02
  -1.7660000e+03   4.4800000e+02
  -1.7630000e+03   4.4800000e+02
  -1.7600000e+03   4.4800000e+02
  -1.7580000e+03   4.4800000e+02
  -1.7550000e+03   4.4800000e+02
  -1.7520000e+03   4.4800000e+02
  -1.7490000e+03   4.4800000e+02
  -1.7440000e+03   4.4900000e+02
  -1.7410000e+03   4.4800000e+02
  -1.7380000e+03   4.4800000e+02
  -1.7350000e+03   4.4700000e+02
  -1.7300000e+03   4.4600000e+02
  -1.7270000e+03   4.4600000e+02
  -1.7240000e+03   4.4600000e+02
  -1.7220000e+03   4.4600000e+02
  -1.7160000e+03   4.4600000e+02
  -1.7130000e+03   4.4600000e+02
  -1.7110000e+03   4.4600000e+02
  -1.7080000e+03   4.4600000e+02
  -1.7050000e+03   4.4500000e+02
  -1.7020000e+03   4.4600000e+02
  -1.7000000e+03   4.4500000e+02
  -1.6970000e+03   4.4500000e+02
  -1.6940000e+03   4.4500000e+02
  -1.6910000e+03   4.4500000e+02
  -1.6890000e+03   4.4500000e+02
  -1.6860000e+03   4.4500000e+02
  -1.6830000e+03   4.4500000e+02
  -1.6800000e+03   4.4500000e+02
  -1.6780000e+03   4.4500000e+02
  -1.6750000e+03   4.4500000e+02
  -1.6720000e+03   4.4500000e+02
  -1.6670000e+03   4.4500000e+02
  -1.6610000e+03   4.4500000e+02
  -1.6580000e+03   4.4500000e+02
  -1.6550000e+03   4.4400000e+02
  -1.6530000e+03   4.4400000e+02
  -1.6500000e+03   4.4400000e+02
  -1.6470000e+03   4.4400000e+02
  -1.6440000e+03   4.4400000e+02
  -1.6420000e+03   4.4400000e+02
  -1.6390000e+03   4.4400000e+02
  -1.6360000e+03   4.4400000e+02
  -1.6330000e+03   4.4400000e+02
  -1.6310000e+03   4.4400000e+02
  -1.6280000e+03   4.4400000e+02
  -1.6250000e+03   4.4500000e+02
  -1.6220000e+03   4.4600000e+02
  -1.6200000e+03   4.4600000e+02
  -1.6170000e+03   4.4600000e+02
  -1.6140000e+03   4.4700000e+02
  -1.6110000e+03   4.4700000e+02
  -1.6080000e+03   4.4700000e+02
  -1.6060000e+03   4.4700000e+02
  -1.6030000e+03   4.4700000e+02
  -1.6000000e+03   4.4700000e+02
  -1.5970000e+03   4.4800000e+02
  -1.5950000e+03   4.4700000e+02
  -1.5920000e+03   4.4800000e+02
  -1.5890000e+03   4.4800000e+02
  -1.5860000e+03   4.4800000e+02
  -1.5840000e+03   4.4800000e+02
  -1.5810000e+03   4.4800000e+02
  -1.5780000e+03   4.4900000e+02
  -1.5750000e+03   4.4900000e+02
  -1.5730000e+03   4.4900000e+02
  -1.5700000e+03   4.5000000e+02
  -1.5670000e+03   4.5000000e+02
  -1.5640000e+03   4.5000000e+02
  -1.5620000e+03   4.5000000e+02
  -1.5590000e+03   4.5000000e+02
  -1.5560000e+03   4.5000000e+02
  -1.5530000e+03   4.5100000e+02
  -1.5500000e+03   4.5100000e+02
  -1.5480000e+03   4.5100000e+02
  -1.5450000e+03   4.5100000e+02
  -1.5420000e+03   4.5100000e+02
  -1.5400000e+03   4.5100000e+02
  -1.5370000e+03   4.5100000e+02
  -1.5340000e+03   4.5100000e+02
  -1.5310000e+03   4.5100000e+02
  -1.5280000e+03   4.5200000e+02
  -1.5260000e+03   4.5200000e+02
  -1.5230000e+03   4.5100000e+02
  -1.5200000e+03   4.5200000e+02
  -1.5170000e+03   4.5200000e+02
  -1.5150000e+03   4.5200000e+02
  -1.5120000e+03   4.5200000e+02
  -1.5090000e+03   4.5200000e+02
  -1.5060000e+03   4.5100000e+02
  -1.5040000e+03   4.5100000e+02
  -1.5010000e+03   4.5100000e+02
  -1.4950000e+03   4.5100000e+02
  -1.4930000e+03   4.5100000e+02
  -1.4900000e+03   4.4900000e+02
  -1.4870000e+03   4.4900000e+02
  -1.4840000e+03   4.4900000e+02
  -1.4820000e+03   4.4900000e+02
  -1.4790000e+03   4.4900000e+02
  -1.4760000e+03   4.4800000e+02
  -1.4730000e+03   4.4700000e+02
  -1.4700000e+03   4.4700000e+02
  -1.4680000e+03   4.4700000e+02
  -1.4650000e+03   4.4800000e+02
  -1.4620000e+03   4.4800000e+02
  -1.4590000e+03   4.4800000e+02
  -1.4570000e+03   4.4800000e+02
  -1.4540000e+03   4.4800000e+02
  -1.4510000e+03   4.4700000e+02
  -1.4480000e+03   4.4700000e+02
  -1.4460000e+03   4.4800000e+02
  -1.4430000e+03   4.4700000e+02
  -1.4400000e+03   4.4700000e+02
  -1.4370000e+03   4.4700000e+02
  -1.4350000e+03   4.4700000e+02
  -1.4320000e+03   4.4600000e+02
  -1.4290000e+03   4.4600000e+02
  -1.4260000e+03   4.4700000e+02
  -1.4230000e+03   4.4700000e+02
  -1.4210000e+03   4.4700000e+02
  -1.4180000e+03   4.4700000e+02
  -1.4150000e+03   4.4700000e+02
  -1.4120000e+03   4.4500000e+02
  -1.4100000e+03   4.4500000e+02
  -1.4070000e+03   4.4600000e+02
  -1.4040000e+03   4.4600000e+02
  -1.4010000e+03   4.4700000e+02
  -1.3990000e+03   4.4800000e+02
  -1.3960000e+03   4.5000000e+02
  -1.3930000e+03   4.4900000e+02
  -1.3900000e+03   4.4900000e+02
  -1.3880000e+03   4.4800000e+02
  -1.3850000e+03   4.4800000e+02
  -1.3820000e+03   4.4800000e+02
  -1.3790000e+03   4.4700000e+02
  -1.3770000e+03   4.4800000e+02
  -1.3740000e+03   4.4700000e+02
  -1.3710000e+03   4.4800000e+02
  -1.3680000e+03   4.4800000e+02
  -1.3650000e+03   4.4700000e+02
  -1.3630000e+03   4.4700000e+02
  -1.3600000e+03   4.4600000e+02
  -1.3570000e+03   4.4600000e+02
  -1.3540000e+03   4.4700000e+02
  -1.3520000e+03   4.4700000e+02
  -1.3490000e+03   4.4700000e+02
  -1.3460000e+03   4.4700000e+02
  -1.3430000e+03   4.4700000e+02
  -1.3410000e+03   4.4700000e+02
  -1.3380000e+03   4.4800000e+02
  -1.3350000e+03   4.4800000e+02
  -1.3320000e+03   4.5000000e+02
  -1.3290000e+03   4.5100000e+02
  -1.3270000e+03   4.5100000e+02
  -1.3240000e+03   4.5100000e+02
  -1.3210000e+03   4.5100000e+02
  -1.3180000e+03   4.5000000e+02
  -1.3160000e+03   4.5000000e+02
  -1.3130000e+03   4.5000000e+02
  -1.3100000e+03   4.5000000e+02
  -1.3070000e+03   4.5000000e+02
  -1.3040000e+03   4.4900000e+02
  -1.3020000e+03   4.4900000e+02
  -1.2990000e+03   4.4900000e+02
  -1.2960000e+03   4.4900000e+02
  -1.2930000e+03   4.4900000e+02
  -1.2910000e+03   4.4900000e+02
  -1.2880000e+03   4.4900000e+02
  -1.2850000e+03   4.4900000e+02
  -1.2820000e+03   4.4900000e+02
  -1.2800000e+03   4.4900000e+02
  -1.2770000e+03   4.4800000e+02
  -1.2740000e+03   4.4800000e+02
  -1.2710000e+03   4.4800000e+02
  -1.2680000e+03   4.4700000e+02
  -1.2660000e+03   4.4700000e+02
  -1.2630000e+03   4.4700000e+02
  -1.2600000e+03   4.4700000e+02
  -1.2570000e+03   4.4800000e+02
  -1.2550000e+03   4.4800000e+02
  -1.2520000e+03   4.4900000e+02
  -1.2490000e+03   4.4900000e+02
  -1.2460000e+03   4.5000000e+02
  -1.2440000e+03   4.5000000e+02
  -1.2410000e+03   4.5000000e+02
  -1.2380000e+03   4.5000000e+02
  -1.2350000e+03   4.5000000e+02
  -1.2330000e+03   4.5100000e+02
  -1.2270000e+03   4.5000000e+02
  -1.2240000e+03   4.5000000e+02
  -1.2210000e+03   4.5000000e+02
  -1.2190000e+03   4.5000000e+02
  -1.2160000e+03   4.5000000e+02
  -1.2130000e+03   4.5100000e+02
  -1.2100000e+03   4.5200000e+02
  -1.2070000e+03   4.5100000e+02
  -1.2050000e+03   4.5100000e+02
  -1.2020000e+03   4.5100000e+02
  -1.1990000e+03   4.5100000e+02
  -1.1960000e+03   4.5000000e+02
  -1.1940000e+03   4.5000000e+02
  -1.1910000e+03   4.5000000e+02
  -1.1880000e+03   4.5000000e+02
  -1.1850000e+03   4.5000000e+02
  -1.1830000e+03   4.5000000e+02
  -1.1800000e+03   4.5000000e+02
  -1.1770000e+03   4.5000000e+02
  -1.1740000e+03   4.5000000e+02
  -1.1720000e+03   4.4900000e+02
  -1.1690000e+03   4.4800000e+02
  -1.1660000e+03   4.4800000e+02
  -1.1630000e+03   4.4800000e+02
  -1.1610000e+03   4.4800000e+02
  -1.1580000e+03   4.4800000e+02
  -1.1550000e+03   4.4700000e+02
  -1.1520000e+03   4.4700000e+02
  -1.1500000e+03   4.4600000e+02
  -1.1470000e+03   4.4600000e+02
  -1.1440000e+03   4.4700000e+02
  -1.1410000e+03   4.4700000e+02
  -1.1380000e+03   4.4800000e+02
  -1.1360000e+03   4.4800000e+02
  -1.1330000e+03   4.4700000e+02
  -1.1300000e+03   4.4700000e+02
  -1.1270000e+03   4.4700000e+02
  -1.1250000e+03   4.4700000e+02
  -1.1220000e+03   4.4700000e+02
  -1.1190000e+03   4.4700000e+02
  -1.1160000e+03   4.4700000e+02
  -1.1140000e+03   4.4700000e+02
  -1.1110000e+03   4.4700000e+02
  -1.1080000e+03   4.4700000e+02
  -1.1050000e+03   4.4700000e+02
  -1.1030000e+03   4.4600000e+02
  -1.1000000e+03   4.4600000e+02
  -1.0970000e+03   4.4600000e+02
  -1.0940000e+03   4.4600000e+02
  -1.0910000e+03   4.4500000e+02
  -1.0890000e+03   4.4500000e+02
  -1.0860000e+03   4.4500000e+02
  -1.0830000e+03   4.4500000e+02
  -1.0800000e+03   4.4500000e+02
  -1.0780000e+03   4.4600000e+02
  -1.0750000e+03   4.4600000e+02
  -1.0720000e+03   4.4600000e+02
  -1.0690000e+03   4.4600000e+02
  -1.0670000e+03   4.4600000e+02
  -1.0640000e+03   4.4700000e+02
  -1.0610000e+03   4.4700000e+02
  -1.0580000e+03   4.4700000e+02
  -1.0560000e+03   4.4700000e+02
  -1.0530000e+03   4.4700000e+02
  -1.0500000e+03   4.4700000e+02
  -1.0470000e+03   4.4700000e+02
  -1.0450000e+03   4.4700000e+02
  -1.0420000e+03   4.4800000e+02
  -1.0390000e+03   4.4800000e+02
  -1.0360000e+03   4.4900000e+02
  -1.0330000e+03   4.4900000e+02
  -1.0310000e+03   4.4900000e+02
  -1.0280000e+03   4.4900000e+02
  -1.0250000e+03   4.4800000e+02
  -1.0220000e+03   4.4900000e+02
  -1.0200000e+03   4.5000000e+02
  -1.0170000e+03   4.4900000e+02
  -1.0140000e+03   4.4900000e+02
  -1.0110000e+03   4.4800000e+02
  -1.0080000e+03   4.4800000e+02
  -1.0060000e+03   4.4800000e+02
  -1.0030000e+03   4.4800000e+02
  -9.9999999e+02   4.4800000e+02
  -9.9700000e+02   4.4800000e+02
  -9.9500000e+02   4.4800000e+02
  -9.9200000e+02   4.4900000e+02
  -9.8899999e+02   4.4900000e+02
  -9.8600000e+02   4.4900000e+02
  -9.8400000e+02   4.4900000e+02
  -9.8100000e+02   4.4900000e+02
  -9.7800001e+02   4.4900000e+02
  -9.7500000e+02   4.4900000e+02
  -9.7300000e+02   4.4900000e+02
  -9.7000000e+02   4.5000000e+02
  -9.6700000e+02   4.4900000e+02
  -9.6400000e+02   4.4900000e+02
  -9.6200000e+02   4.4900000e+02
  -9.5900000e+02   4.4900000e+02
  -9.5600000e+02   4.4900000e+02
  -9.5300000e+02   4.4900000e+02
  -9.4999999e+02   4.4900000e+02
  -9.4799999e+02   4.4800000e+02
  -9.4500000e+02   4.4800000e+02
  -9.4200000e+02   4.4900000e+02
  -9.3900001e+02   4.4800000e+02
  -9.3699999e+02   4.4900000e+02
  -9.3400000e+02   4.4900000e+02
  -9.3100000e+02   4.4900000e+02
  -9.2800001e+02   4.4900000e+02
  -9.2600001e+02   4.4900000e+02
  -9.2300000e+02   4.4900000e+02
  -9.2000000e+02   4.4900000e+02
  -9.1700000e+02   4.4900000e+02
  -9.1500001e+02   4.4900000e+02
  -9.1200000e+02   4.4900000e+02
  -9.0900000e+02   4.4900000e+02
  -9.0600000e+02   4.4900000e+02
  -9.0400000e+02   4.4900000e+02
  -9.0100000e+02   4.4800000e+02
  -8.9799999e+02   4.4700000e+02
  -8.9600000e+02   4.4700000e+02
  -8.9300000e+02   4.4700000e+02
  -8.9000000e+02   4.4700000e+02
  -8.8699999e+02   4.4700000e+02
  -8.8400000e+02   4.4700000e+02
  -8.8100000e+02   4.4800000e+02
  -8.7900000e+02   4.4800000e+02
  -8.7600001e+02   4.4800000e+02
  -8.7300000e+02   4.4800000e+02
  -8.7000000e+02   4.4800000e+02
  -8.6800000e+02   4.4800000e+02
  -8.6500000e+02   4.4800000e+02
  -8.6200000e+02   4.4800000e+02
  -8.5899999e+02   4.4900000e+02
  -8.5700000e+02   4.4900000e+02
  -8.5400000e+02   4.4900000e+02
  -8.5100000e+02   4.4900000e+02
  -8.4799999e+02   4.4900000e+02
  -8.4600000e+02   4.4900000e+02
  -8.4300000e+02   4.4900000e+02
  -8.4000000e+02   4.4900000e+02
  -8.3700001e+02   4.4900000e+02
  -8.3400000e+02   4.4900000e+02
  -8.3200000e+02   4.4900000e+02
  -8.2900000e+02   4.4900000e+02
  -8.2600001e+02   4.4900000e+02
  -8.2300000e+02   4.4900000e+02
  -8.2100000e+02   4.4800000e+02
  -8.1800000e+02   4.4800000e+02
  -8.1500000e+02   4.4800000e+02
  -8.1200000e+02   4.4800000e+02
  -8.1000000e+02   4.4800000e+02
  -8.0700000e+02   4.4800000e+02
  -8.0400000e+02   4.4800000e+02
  -8.0100000e+02   4.4800000e+02
  -7.9900000e+02   4.4800000e+02
  -7.9599999e+02   4.4700000e+02
  -7.9300000e+02   4.4700000e+02
  -7.9000000e+02   4.4700000e+02
  -7.8700001e+02   4.4700000e+02
  -7.8499999e+02   4.4700000e+02
  -7.8200000e+02   4.4700000e+02
  -7.7900000e+02   4.4700000e+02
  -7.7600000e+02   4.4700000e+02
  -7.7400001e+02   4.4700000e+02
  -7.7100000e+02   4.4700000e+02
  -7.6800000e+02   4.4800000e+02
  -7.6500000e+02   4.4800000e+02
  -7.6300001e+02   4.4800000e+02
  -7.6000000e+02   4.4800000e+02
  -7.5699999e+02   4.4700000e+02
  -7.5400000e+02   4.4700000e+02
  -7.5200000e+02   4.4700000e+02
  -7.4900000e+02   4.4700000e+02
  -7.4599999e+02   4.4800000e+02
  -7.4400000e+02   4.4800000e+02
  -7.4100000e+02   4.4800000e+02
  -7.3800000e+02   4.4900000e+02
  -7.3500001e+02   4.4900000e+02
  -7.3200000e+02   4.5000000e+02
  -7.3000000e+02   4.5000000e+02
  -7.2700000e+02   4.5000000e+02
  -7.2400001e+02   4.5000000e+02
  -7.2100000e+02   4.5000000e+02
  -7.1800000e+02   4.4900000e+02
  -7.1600000e+02   4.4900000e+02
  -7.1300000e+02   4.4900000e+02
  -7.1000000e+02   4.4900000e+02
  -7.0800000e+02   4.5000000e+02
  -7.0500000e+02   4.5000000e+02
  -7.0200000e+02   4.5100000e+02
  -6.9900000e+02   4.5100000e+02
  -6.9599999e+02   4.5200000e+02
  -6.9399999e+02   4.5200000e+02
  -6.9100000e+02   4.5200000e+02
  -6.8800000e+02   4.5200000e+02
  -6.8500001e+02   4.5200000e+02
  -6.8299999e+02   4.5100000e+02
  -6.8000000e+02   4.5100000e+02
  -6.7700000e+02   4.5000000e+02
  -6.7400000e+02   4.5000000e+02
  -6.7200001e+02   4.5000000e+02
  -6.6900000e+02   4.5000000e+02
  -6.6600000e+02   4.4900000e+02
  -6.6300000e+02   4.4900000e+02
  -6.6000000e+02   4.4900000e+02
  -6.5800000e+02   4.4900000e+02
  -6.5500000e+02   4.4800000e+02
  -6.5200000e+02   4.4800000e+02
  -6.4900000e+02   4.4800000e+02
  -6.4700000e+02   4.4800000e+02
  -6.4399999e+02   4.4900000e+02
  -6.4100000e+02   4.4900000e+02
  -6.3800000e+02   4.4900000e+02
  -6.3600000e+02   4.4900000e+02
  -6.3300001e+02   4.4900000e+02
  -6.3000000e+02   4.5000000e+02
  -6.2700000e+02   4.5000000e+02
  -6.2500000e+02   4.5000000e+02
  -6.2200001e+02   4.5000000e+02
  -6.1900000e+02   4.5100000e+02
  -6.1600000e+02   4.5000000e+02
  -6.1400000e+02   4.5000000e+02
  -6.1100000e+02   4.5000000e+02
  -6.0800000e+02   4.5000000e+02
  -6.0499999e+02   4.5100000e+02
  -6.0300000e+02   4.5100000e+02
  -6.0000000e+02   4.5100000e+02
  -5.9700000e+02   4.5100000e+02
  -5.9399999e+02   4.5100000e+02
  -5.9100000e+02   4.5100000e+02
  -5.8900000e+02   4.5100000e+02
  -5.8600000e+02   4.5200000e+02
  -5.8300001e+02   4.5200000e+02
  -5.8000000e+02   4.5200000e+02
  -5.7800000e+02   4.5200000e+02
  -5.7500000e+02   4.5100000e+02
  -5.7200000e+02   4.5100000e+02
  -5.6900000e+02   4.5100000e+02
  -5.6700000e+02   4.5100000e+02
  -5.6100000e+02   4.5000000e+02
  -5.5800000e+02   4.5000000e+02
  -5.5600000e+02   4.5100000e+02
  -5.5300000e+02   4.5100000e+02
  -5.5000000e+02   4.5100000e+02
  -5.4700000e+02   4.5100000e+02
  -5.4400001e+02   4.5000000e+02
  -5.4199999e+02   4.5000000e+02
  -5.3900000e+02   4.5000000e+02
  -5.3600000e+02   4.5000000e+02
  -5.3300001e+02   4.5000000e+02
  -5.3100001e+02   4.4900000e+02
  -5.2800000e+02   4.4900000e+02
  -5.2500000e+02   4.4900000e+02
  -5.2200000e+02   4.4900000e+02
  -5.2000001e+02   4.4900000e+02
  -5.1700000e+02   4.5000000e+02
  -5.1400000e+02   4.4900000e+02
  -5.1100000e+02   4.4900000e+02
  -5.0900000e+02   4.4900000e+02
  -5.0600000e+02   4.4900000e+02
  -5.0299999e+02   4.4900000e+02
  -5.0000000e+02   4.4700000e+02
  -4.9800000e+02   4.4700000e+02
  -4.9500000e+02   4.4700000e+02
  -4.9199999e+02   4.4700000e+02
  -4.8900000e+02   4.4700000e+02
  -4.8600000e+02   4.4700000e+02
  -4.8400000e+02   4.4700000e+02
  -4.8100001e+02   4.4700000e+02
  -4.7800000e+02   4.4700000e+02
  -4.7500000e+02   4.4700000e+02
  -4.7300000e+02   4.4700000e+02
  -4.7000001e+02   4.4600000e+02
  -4.6700000e+02   4.4600000e+02
  -4.6399999e+02   4.4600000e+02
  -4.6200000e+02   4.4600000e+02
  -4.5900000e+02   4.4600000e+02
  -4.5600000e+02   4.4700000e+02
  -4.5299999e+02   4.4800000e+02
  -4.5100000e+02   4.4800000e+02
  -4.4800000e+02   4.4800000e+02
  -4.4500000e+02   4.4800000e+02
  -4.4200001e+02   4.4800000e+02
  -4.3999999e+02   4.4800000e+02
  -4.3700000e+02   4.4900000e+02
  -4.3400000e+02   4.4900000e+02
  -4.3100001e+02   4.5000000e+02
  -4.2800000e+02   4.5100000e+02
  -4.2600000e+02   4.5100000e+02
  -4.2300000e+02   4.5100000e+02
  -4.2000000e+02   4.5100000e+02
  -4.1700000e+02   4.5100000e+02
  -4.1500000e+02   4.5100000e+02
  -4.1200000e+02   4.5100000e+02
  -4.0900000e+02   4.5100000e+02
  -4.0600000e+02   4.5000000e+02
  -4.0400000e+02   4.5000000e+02
  -4.0099999e+02   4.5000000e+02
  -3.9800000e+02   4.4900000e+02
  -3.9500000e+02   4.4900000e+02
  -3.9200001e+02   4.4900000e+02
  -3.8999999e+02   4.4900000e+02
  -3.8700000e+02   4.4900000e+02
  -3.8400000e+02   4.4900000e+02
  -3.8100000e+02   4.4900000e+02
  -3.7900001e+02   4.4900000e+02
  -3.7600000e+02   4.4900000e+02
  -3.7300000e+02   4.4900000e+02
  -3.7000000e+02   4.4900000e+02
  -3.6800001e+02   4.4900000e+02
  -3.6500000e+02   4.4800000e+02
  -3.6200000e+02   4.4900000e+02
  -3.5900000e+02   4.4900000e+02
  -3.5700000e+02   4.4900000e+02
  -3.5400000e+02   4.4800000e+02
  -3.5099999e+02   4.4800000e+02
  -3.4800000e+02   4.4800000e+02
  -3.4600000e+02   4.4900000e+02
  -3.4300000e+02   4.4900000e+02
  -3.4000001e+02   4.4900000e+02
  -3.3700000e+02   4.4900000e+02
  -3.3400000e+02   4.4900000e+02
  -3.3200000e+02   4.4900000e+02
  -3.2900001e+02   4.4900000e+02
  -3.2600000e+02   4.4800000e+02
  -3.2400000e+02   4.4800000e+02
  -3.2100000e+02   4.4800000e+02
  -3.1800000e+02   4.4800000e+02
  -3.1500000e+02   4.4700000e+02
  -3.1199999e+02   4.4700000e+02
  -3.1000000e+02   4.4700000e+02
  -3.0700000e+02   4.4800000e+02
  -3.0400000e+02   4.4800000e+02
  -3.0099999e+02   4.4800000e+02
  -2.9899999e+02   4.4800000e+02
  -2.9600000e+02   4.4800000e+02
  -2.9300000e+02   4.4800000e+02
  -2.9000001e+02   4.4800000e+02
  -2.8700000e+02   4.4800000e+02
  -2.8500000e+02   4.4800000e+02
  -2.8200000e+02   4.4800000e+02
  -2.7900001e+02   4.4900000e+02
  -2.7600000e+02   4.4900000e+02
  -2.7400000e+02   4.4900000e+02
  -2.7100000e+02   4.4800000e+02
  -2.6800000e+02   4.4800000e+02
  -2.6500000e+02   4.4800000e+02
  -2.6199999e+02   4.4800000e+02
  -2.6000000e+02   4.4800000e+02
  -2.5700000e+02   4.4800000e+02
  -2.5400000e+02   4.4800000e+02
  -2.5100001e+02   4.4800000e+02
  -2.4899999e+02   4.4800000e+02
  -2.4600000e+02   4.4800000e+02
  -2.4300000e+02   4.4800000e+02
  -2.4000001e+02   4.4700000e+02
  -2.3700000e+02   4.4700000e+02
  -2.3500000e+02   4.4700000e+02
  -2.3200000e+02   4.4700000e+02
  -2.2900000e+02   4.4700000e+02
  -2.2600000e+02   4.4700000e+02
  -2.2400000e+02   4.4700000e+02
  -2.2100000e+02   4.4700000e+02
  -2.1800000e+02   4.4700000e+02
  -2.1500000e+02   4.4700000e+02
  -2.1300000e+02   4.4700000e+02
  -2.0999999e+02   4.4700000e+02
  -2.0700000e+02   4.4700000e+02
  -2.0400000e+02   4.4700000e+02
  -2.0200000e+02   4.4700000e+02
  -1.9899999e+02   4.4700000e+02
  -1.9600000e+02   4.4800000e+02
  -1.9300000e+02   4.4800000e+02
  -1.9100000e+02   4.4800000e+02
  -1.8800001e+02   4.4800000e+02
  -1.8500000e+02   4.4900000e+02
  -1.8200000e+02   4.4900000e+02
  -1.8000000e+02   4.4900000e+02
  -1.7700001e+02   4.4900000e+02
  -1.7400000e+02   4.4800000e+02
  -1.7100000e+02   4.4800000e+02
  -1.6800000e+02   4.4800000e+02
  -1.6600000e+02   4.4700000e+02
  -1.6300000e+02   4.4800000e+02
  -1.5999999e+02   4.4800000e+02
  -1.5700000e+02   4.4800000e+02
  -1.5500000e+02   4.4800000e+02
  -1.5200000e+02   4.4800000e+02
  -1.4900001e+02   4.4700000e+02
  -1.4699999e+02   4.4700000e+02
  -1.4400000e+02   4.4700000e+02
  -1.4100000e+02   4.4700000e+02
  -1.3800001e+02   4.4700000e+02
  -1.3500000e+02   4.4700000e+02
  -1.3300000e+02   4.4700000e+02
  -1.3000000e+02   4.4800000e+02
  -1.2700000e+02   4.4800000e+02
  -1.2400000e+02   4.4800000e+02
  -1.2099999e+02   4.4800000e+02
  -1.1900000e+02   4.4800000e+02
  -1.1600000e+02   4.4800000e+02
  -1.1300000e+02   4.4700000e+02
  -1.0999999e+02   4.4800000e+02
  -1.0799999e+02   4.4800000e+02
  -1.0500000e+02   4.4800000e+02
  -1.0200000e+02   4.4800000e+02
  -9.9000008e+01   4.4800000e+02
  -9.6999992e+01   4.4800000e+02
  -9.4000000e+01   4.4900000e+02
  -9.1000000e+01   4.5000000e+02
  -8.8000008e+01   4.5100000e+02
  -8.6000008e+01   4.5100000e+02
  -8.3000000e+01   4.5100000e+02
  -8.0000000e+01   4.5100000e+02
  -7.7000000e+01   4.5100000e+02
  -7.4000000e+01   4.5100000e+02
  -7.2000000e+01   4.5100000e+02
  -6.9000000e+01   4.5100000e+02
  -6.6000000e+01   4.5200000e+02
  -6.3000000e+01   4.5200000e+02
  -6.1000000e+01   4.5200000e+02
  -5.7999992e+01   4.5200000e+02
  -5.5000000e+01   4.5200000e+02
  -5.2000000e+01   4.5100000e+02
  -5.0000000e+01   4.5000000e+02
  -4.7000008e+01   4.5000000e+02
  -4.4000000e+01   4.5000000e+02
  -4.1000000e+01   4.5000000e+02
  -3.9000000e+01   4.5000000e+02
  -3.6000008e+01   4.5000000e+02
  -3.3000000e+01   4.4900000e+02
  -3.0000000e+01   4.4900000e+02
  -2.7000000e+01   4.4900000e+02
  -2.5000000e+01   4.4900000e+02
  -2.2000000e+01   4.4800000e+02
  -1.8999992e+01   4.4800000e+02
  -1.6000000e+01   4.4800000e+02
  -1.4000000e+01   4.4800000e+02
  -1.1000000e+01   4.4700000e+02
  -7.9999924e+00   4.4700000e+02
  -5.0000000e+00   4.4700000e+02
  -3.0000000e+00   4.4800000e+02
   0.0000000e+00   4.4700000e+02
   2.9999924e+00   4.4700000e+02
   6.0000000e+00   4.4700000e+02
   8.0000000e+00   4.4700000e+02
   1.1000000e+01   4.4700000e+02
   1.3999992e+01   4.4800000e+02
   1.7000000e+01   4.4800000e+02
   1.9000000e+01   4.4900000e+02
   2.2000000e+01   4.5000000e+02
   2.5000000e+01   4.5100000e+02
   2.8000000e+01   4.5000000e+02
   3.0000000e+01   4.5000000e+02
   3.3000000e+01   4.5000000e+02
   3.6000000e+01   4.5000000e+02
   3.9000000e+01   4.5000000e+02
   4.1000000e+01   4.4900000e+02
   4.4000008e+01   4.4900000e+02
   4.7000000e+01   4.5000000e+02
   5.0000000e+01   4.5000000e+02
   5.2999992e+01   4.5000000e+02
   5.4999992e+01   4.5000000e+02
   5.8000000e+01   4.5000000e+02
   6.1000000e+01   4.4900000e+02
   6.4000000e+01   4.4900000e+02
   6.5999992e+01   4.4900000e+02
   6.9000000e+01   4.4900000e+02
   7.2000000e+01   4.4900000e+02
   7.5000000e+01   4.4900000e+02
   7.7000000e+01   4.4900000e+02
   8.0000000e+01   4.4900000e+02
   8.3000008e+01   4.4900000e+02
   8.6000000e+01   4.4900000e+02
   8.8000000e+01   4.4900000e+02
   9.1000000e+01   4.4900000e+02
   9.4000008e+01   4.4900000e+02
   9.7000000e+01   4.4900000e+02
   9.9000000e+01   4.4900000e+02
   1.0200000e+02   4.4900000e+02
   1.0499999e+02   4.4900000e+02
   1.0800000e+02   4.5000000e+02
   1.1100000e+02   4.5000000e+02
   1.1300000e+02   4.5000000e+02
   1.1599999e+02   4.5100000e+02
   1.1900000e+02   4.5100000e+02
   1.2200000e+02   4.5100000e+02
   1.2400000e+02   4.5100000e+02
   1.2700000e+02   4.5100000e+02
   1.3000000e+02   4.5100000e+02
   1.3300001e+02   4.5100000e+02
   1.3500000e+02   4.5100000e+02
   1.3800000e+02   4.5100000e+02
   1.4100000e+02   4.5100000e+02
   1.4399999e+02   4.5100000e+02
   1.4600001e+02   4.5100000e+02
   1.4900000e+02   4.5100000e+02
   1.5200000e+02   4.5200000e+02
   1.5499999e+02   4.5200000e+02
   1.5699999e+02   4.5200000e+02
   1.6000000e+02   4.5000000e+02
   1.6300000e+02   4.4900000e+02
   1.6600000e+02   4.4900000e+02
   1.6799999e+02   4.4900000e+02
   1.7100000e+02   4.4800000e+02
   1.7400000e+02   4.4800000e+02
   1.7700000e+02   4.4700000e+02
   1.7900000e+02   4.4600000e+02
   1.8200000e+02   4.4600000e+02
   1.8500001e+02   4.4600000e+02
   1.8800000e+02   4.4600000e+02
   1.9100000e+02   4.4600000e+02
   1.9300000e+02   4.4600000e+02
   1.9600001e+02   4.4700000e+02
   1.9900000e+02   4.4600000e+02
   2.0100000e+02   4.4600000e+02
   2.0400000e+02   4.4600000e+02
   2.0699999e+02   4.4600000e+02
   2.1000000e+02   4.4600000e+02
   2.1300000e+02   4.4600000e+02
   2.1500000e+02   4.4600000e+02
   2.1799999e+02   4.4600000e+02
   2.2100000e+02   4.4700000e+02
   2.2400000e+02   4.4700000e+02
   2.2600000e+02   4.4700000e+02
   2.2900000e+02   4.4600000e+02
   2.3200000e+02   4.4600000e+02
   2.3500001e+02   4.4600000e+02
   2.3700000e+02   4.4600000e+02
   2.4000000e+02   4.4600000e+02
   2.4300000e+02   4.4600000e+02
   2.4500000e+02   4.4600000e+02
   2.4800001e+02   4.4600000e+02
   2.5100000e+02   4.4600000e+02
   2.5400000e+02   4.4600000e+02
   2.5699999e+02   4.4600000e+02
   2.5900001e+02   4.4600000e+02
   2.6200000e+02   4.4600000e+02
   2.6500000e+02   4.4600000e+02
   2.6800000e+02   4.4600000e+02
   2.7100000e+02   4.4600000e+02
   2.7300000e+02   4.4600000e+02
   2.7600000e+02   4.4600000e+02
   2.7900000e+02   4.4600000e+02
   2.8200000e+02   4.4700000e+02
   2.8400000e+02   4.4700000e+02
   2.8700001e+02   4.4700000e+02
   2.9000000e+02   4.4700000e+02
   2.9300000e+02   4.4700000e+02
   2.9500000e+02   4.4800000e+02
   2.9800001e+02   4.4800000e+02
   3.0100000e+02   4.4700000e+02
   3.0400000e+02   4.4800000e+02
   3.0600000e+02   4.4800000e+02
   3.0899999e+02   4.4800000e+02
   3.1200000e+02   4.4800000e+02
   3.1500000e+02   4.4700000e+02
   3.1700000e+02   4.4700000e+02
   3.1999999e+02   4.4800000e+02
   3.2300000e+02   4.4800000e+02
   3.2600000e+02   4.4800000e+02
   3.2900000e+02   4.4800000e+02
   3.3100000e+02   4.4800000e+02
   3.3400000e+02   4.4800000e+02
   3.3700001e+02   4.4800000e+02
   3.4000000e+02   4.4800000e+02
   3.4200000e+02   4.4900000e+02
   3.4500000e+02   4.4900000e+02
   3.4799999e+02   4.4900000e+02
   3.5100000e+02   4.4900000e+02
   3.5300000e+02   4.4900000e+02
   3.5600000e+02   4.4900000e+02
   3.5899999e+02   4.4900000e+02
   3.6200000e+02   4.4900000e+02
   3.6400000e+02   4.4800000e+02
   3.6700000e+02   4.4800000e+02
   3.7000000e+02   4.4800000e+02
   3.7300000e+02   4.4800000e+02
   3.7500000e+02   4.4800000e+02
   3.7800000e+02   4.4800000e+02
   3.8100000e+02   4.4800000e+02
   3.8400000e+02   4.4800000e+02
   3.8700001e+02   4.4700000e+02
   3.8900001e+02   4.4700000e+02
   3.9200000e+02   4.4800000e+02
   3.9500000e+02   4.4700000e+02
   3.9799999e+02   4.4700000e+02
   4.0000001e+02   4.4800000e+02
   4.0300000e+02   4.4800000e+02
   4.0600000e+02   4.4800000e+02
   4.0899999e+02   4.4800000e+02
   4.1099999e+02   4.4800000e+02
   4.1400000e+02   4.4900000e+02
   4.1700000e+02   4.4900000e+02
   4.2000000e+02   4.4900000e+02
   4.2199999e+02   4.4900000e+02
   4.2500000e+02   4.4900000e+02
   4.2800000e+02   4.4900000e+02
   4.3100000e+02   4.4900000e+02
   4.3400000e+02   4.4900000e+02
   4.3600000e+02   4.4900000e+02
   4.3900001e+02   4.4900000e+02
   4.4200000e+02   4.4900000e+02
   4.4500000e+02   4.4900000e+02
   4.4700000e+02   4.4900000e+02
   4.5000001e+02   4.4900000e+02
   4.5300000e+02   4.4800000e+02
   4.5600000e+02   4.4800000e+02
   4.5800000e+02   4.4800000e+02
   4.6099999e+02   4.4900000e+02
   4.6400000e+02   4.4900000e+02
   4.6700000e+02   4.4900000e+02
   4.7000000e+02   4.4900000e+02
   4.7200000e+02   4.4900000e+02
   4.7500000e+02   4.4900000e+02
   4.7800001e+02   4.4900000e+02
   4.8000000e+02   4.4900000e+02
   4.8300000e+02   4.4900000e+02
   4.8600000e+02   4.4900000e+02
   4.8900001e+02   4.4800000e+02
   4.9200000e+02   4.4800000e+02
   4.9400000e+02   4.4800000e+02
   4.9700000e+02   4.4800000e+02
   4.9999999e+02   4.4800000e+02
   5.0300000e+02   4.4800000e+02
   5.0500000e+02   4.4800000e+02
   5.0800000e+02   4.4800000e+02
   5.1099999e+02   4.4800000e+02
   5.1400000e+02   4.4800000e+02
   5.1700000e+02   4.4800000e+02
   5.1900000e+02   4.4800000e+02
   5.2200000e+02   4.4800000e+02
   5.2500000e+02   4.4800000e+02
   5.2800001e+02   4.4800000e+02
   5.3000000e+02   4.4800000e+02
   5.3300000e+02   4.4800000e+02
   5.3600000e+02   4.4800000e+02
   5.3899999e+02   4.4800000e+02
   5.4100001e+02   4.4800000e+02
   5.4400000e+02   4.4800000e+02
   5.4700000e+02   4.4700000e+02
   5.4999999e+02   4.4700000e+02
   5.5300000e+02   4.4600000e+02
   5.5500000e+02   4.4600000e+02
   5.5800000e+02   4.4600000e+02
   5.6100000e+02   4.4600000e+02
   5.6400000e+02   4.4600000e+02
   5.6600000e+02   4.4700000e+02
   5.6900000e+02   4.4700000e+02
   5.7200000e+02   4.4700000e+02
   5.7500000e+02   4.4700000e+02
   5.7800001e+02   4.4700000e+02
   5.8000001e+02   4.4800000e+02
   5.8300000e+02   4.4800000e+02
   5.8600000e+02   4.4800000e+02
   5.8899999e+02   4.4800000e+02
   5.9100001e+02   4.4800000e+02
   5.9400000e+02   4.4800000e+02
   5.9700000e+02   4.6100000e+02
   5.9999999e+02   4.7600000e+02
   6.0300000e+02   4.9500000e+02
   6.0600000e+02   5.1300000e+02
   6.0900000e+02   5.3500000e+02
   6.1100000e+02   5.4800000e+02
   6.1400000e+02   5.7000000e+02
   6.1700001e+02   5.9000000e+02
   6.2000000e+02   6.1100000e+02
   6.2300000e+02   6.2700000e+02
   6.2599999e+02   6.4700000e+02
   6.2900000e+02   6.6400000e+02
   6.3200000e+02   6.8200000e+02
   6.3400000e+02   6.9400000e+02
   6.3700000e+02   7.1200000e+02
   6.4000000e+02   7.3600000e+02
   6.4300001e+02   7.5600000e+02
   6.4600000e+02   7.7400000e+02
   6.4900000e+02   7.9400000e+02
   6.5100000e+02   8.0400000e+02
   6.5400001e+02   8.2700000e+02
   6.5700000e+02   8.4300000e+02
   6.6000000e+02   8.6200000e+02
   6.6300000e+02   8.7900000e+02
   6.6600000e+02   8.9700000e+02
   6.6800000e+02   9.0900000e+02
   6.7100000e+02   9.2600000e+02
   6.7400000e+02   9.4100000e+02
   6.7700000e+02   9.6300000e+02
   6.8000001e+02   9.8200000e+02
   6.8300000e+02   9.9900000e+02
   6.8600000e+02   1.0140000e+03
   6.8800000e+02   1.0270000e+03
   6.9099999e+02   1.0440000e+03
   6.9400000e+02   1.0640000e+03
   6.9700000e+02   1.0790000e+03
   7.0000000e+02   1.0970000e+03
   7.0300000e+02   1.1170000e+03
   7.0600001e+02   1.1360000e+03
   7.0900000e+02   1.1560000e+03
   7.1100000e+02   1.1680000e+03
   7.1400000e+02   1.1850000e+03
   7.1699999e+02   1.2040000e+03
   7.2000000e+02   1.2230000e+03
   7.2300000e+02   1.2390000e+03
   7.2600000e+02   1.2600000e+03
   7.2900000e+02   1.2760000e+03
   7.3100000e+02   1.2910000e+03
   7.3400000e+02   1.3080000e+03
   7.3700000e+02   1.3260000e+03
   7.4000000e+02   1.3450000e+03
   7.4300001e+02   1.3620000e+03
   7.4600000e+02   1.3790000e+03
   7.4900000e+02   1.3980000e+03
   7.5200000e+02   1.4150000e+03
   7.5399999e+02   1.4300000e+03
   7.5700000e+02   1.4490000e+03
   7.6000000e+02   1.4680000e+03
   7.6300000e+02   1.4860000e+03
   7.6600000e+02   1.5030000e+03
   7.6900001e+02   1.5210000e+03
   7.7200000e+02   1.5400000e+03
   7.7400000e+02   1.5510000e+03
   7.7700000e+02   1.5710000e+03
   7.7999999e+02   1.5850000e+03
   7.8300000e+02   1.5980000e+03
   7.8600000e+02   1.6180000e+03
   7.8900000e+02   1.6360000e+03
   7.9099999e+02   1.6490000e+03
   7.9400000e+02   1.6680000e+03
   7.9700000e+02   1.6880000e+03
   8.0000000e+02   1.7020000e+03
   8.0300000e+02   1.7150000e+03
   8.0599999e+02   1.7290000e+03
   8.0900000e+02   1.7500000e+03
   8.1100000e+02   1.7610000e+03
   8.1400000e+02   1.7800000e+03
   8.1699999e+02   1.7980000e+03
   8.2000000e+02   1.8160000e+03
   8.2300000e+02   1.8350000e+03
   8.2600000e+02   1.8500000e+03
   8.2900000e+02   1.8680000e+03
   8.3199999e+02   1.8850000e+03
   8.3400001e+02   1.8990000e+03
   8.3700000e+02   1.9160000e+03
   8.4000000e+02   1.9350000e+03
   8.4299999e+02   1.9570000e+03
   8.4600000e+02   1.9740000e+03
   8.4900000e+02   1.9910000e+03
   8.5200000e+02   2.0100000e+03
   8.5500000e+02   2.0310000e+03
   8.5700000e+02   2.0420000e+03
   8.6000001e+02   2.0620000e+03
   8.6300000e+02   2.0800000e+03
   8.6600000e+02   2.1000000e+03
   8.6899999e+02   2.1160000e+03
   8.7200000e+02   2.1350000e+03
   8.7500000e+02   2.1510000e+03
   8.7700000e+02   2.1660000e+03
   8.7999999e+02   2.1820000e+03
   8.8300000e+02   2.2010000e+03
   8.8600001e+02   2.2210000e+03
   8.8900000e+02   2.2400000e+03
   8.9200000e+02   2.2590000e+03
   8.9499999e+02   2.2740000e+03
   8.9700001e+02   2.2860000e+03
   9.0000000e+02   2.3040000e+03
   9.0300000e+02   2.3250000e+03
   9.0599999e+02   2.3450000e+03
   9.0900000e+02   2.3640000e+03
   9.1200000e+02   2.3840000e+03
   9.1500000e+02   2.4030000e+03
   9.1700000e+02   2.4160000e+03
   9.2000000e+02   2.4350000e+03
   9.2300001e+02   2.4540000e+03
   9.2600000e+02   2.4700000e+03
   9.2900000e+02   2.4880000e+03
   9.3199999e+02   2.5070000e+03
   9.3500000e+02   2.5260000e+03
   9.3700000e+02   2.5380000e+03
   9.4000000e+02   2.5550000e+03
   9.4300000e+02   2.5780000e+03
   9.4600000e+02   2.5960000e+03
   9.4900001e+02   2.6150000e+03
   9.5200000e+02   2.6340000e+03
   9.5500000e+02   2.6530000e+03
   9.5799999e+02   2.6720000e+03
   9.6000001e+02   2.6830000e+03
   9.6300000e+02   2.7020000e+03
   9.6600000e+02   2.7220000e+03
   9.6900000e+02   2.7400000e+03
   9.7200000e+02   2.7590000e+03
   9.7500001e+02   2.7800000e+03
   9.7800000e+02   2.7990000e+03
   9.8100000e+02   2.8200000e+03
   9.8300000e+02   2.8340000e+03
   9.8600001e+02   2.8530000e+03
   9.8900000e+02   2.8730000e+03
   9.9200000e+02   2.8890000e+03
   9.9499999e+02   2.9050000e+03
   9.9699999e+02   2.9160000e+03
   1.0000000e+03   2.9360000e+03
   1.0030000e+03   2.9580000e+03
   1.0060000e+03   2.9760000e+03
   1.0090000e+03   2.9980000e+03
   1.0120000e+03   3.0180000e+03
   1.0150000e+03   3.0420000e+03
   1.0180000e+03   3.0570000e+03
   1.0200000e+03   3.0660000e+03
   1.0230000e+03   3.0870000e+03
   1.0260000e+03   3.1080000e+03
   1.0290000e+03   3.1290000e+03
   1.0320000e+03   3.1510000e+03
   1.0350000e+03   3.1690000e+03
   1.0380000e+03   3.1850000e+03
   1.0400000e+03   3.2010000e+03
   1.0430000e+03   3.2190000e+03
   1.0460000e+03   3.2390000e+03
   1.0490000e+03   3.2570000e+03
   1.0520000e+03   3.2760000e+03
   1.0550000e+03   3.2990000e+03
   1.0570000e+03   3.3120000e+03
   1.0600000e+03   3.3290000e+03
   1.0630000e+03   3.3470000e+03
   1.0660000e+03   3.3700000e+03
   1.0690000e+03   3.3910000e+03
   1.0720000e+03   3.4090000e+03
   1.0750000e+03   3.4220000e+03
   1.0780000e+03   3.4390000e+03
   1.0800000e+03   3.4530000e+03
   1.0830000e+03   3.4730000e+03
   1.0860000e+03   3.4930000e+03
   1.0890000e+03   3.5110000e+03
   1.0920000e+03   3.5260000e+03
   1.0950000e+03   3.5470000e+03
   1.0980000e+03   3.5630000e+03
   1.1010000e+03   3.5820000e+03
   1.1030000e+03   3.5970000e+03
   1.1060000e+03   3.6170000e+03
   1.1090000e+03   3.6330000e+03
   1.1120000e+03   3.6490000e+03
   1.1150000e+03   3.6660000e+03
   1.1180000e+03   3.6880000e+03
   1.1200000e+03   3.6990000e+03
   1.1230000e+03   3.7190000e+03
   1.1260000e+03   3.7360000e+03
   1.1290000e+03   3.7540000e+03
   1.1320000e+03   3.7740000e+03
   1.1350000e+03   3.7950000e+03
   1.1380000e+03   3.8110000e+03
   1.1410000e+03   3.8330000e+03
   1.1430000e+03   3.8460000e+03
   1.1460000e+03   3.8650000e+03
   1.1490000e+03   3.8840000e+03
   1.1520000e+03   3.9040000e+03
   1.1550000e+03   3.9260000e+03
   1.1580000e+03   3.9470000e+03
   1.1610000e+03   3.9690000e+03
   1.1630000e+03   3.9800000e+03
   1.1660000e+03   4.0030000e+03
   1.1690000e+03   4.0180000e+03
   1.1720000e+03   4.0370000e+03
   1.1750000e+03   4.0530000e+03
   1.1780000e+03   4.0330000e+03
   1.1800000e+03   4.0200000e+03
   1.1830000e+03   4.0010000e+03
   1.1860000e+03   3.9820000e+03
   1.1890000e+03   3.9640000e+03
   1.1920000e+03   3.9470000e+03
   1.1950000e+03   3.9290000e+03
   1.1980000e+03   3.9140000e+03
   1.2010000e+03   3.9010000e+03
   1.2030000e+03   3.8910000e+03
   1.2060000e+03   3.8740000e+03
   1.2090000e+03   3.8600000e+03
   1.2120000e+03   3.8450000e+03
   1.2150000e+03   3.8310000e+03
   1.2180000e+03   3.8170000e+03
   1.2210000e+03   3.8030000e+03
   1.2230000e+03   3.7940000e+03
   1.2260000e+03   3.7810000e+03
   1.2290000e+03   3.7650000e+03
   1.2320000e+03   3.7510000e+03
   1.2350000e+03   3.7370000e+03
   1.2380000e+03   3.7230000e+03
   1.2410000e+03   3.7090000e+03
   1.2430000e+03   3.7000000e+03
   1.2460000e+03   3.6850000e+03
   1.2490000e+03   3.6680000e+03
   1.2520000e+03   3.6520000e+03
   1.2550000e+03   3.6370000e+03
   1.2580000e+03   3.6220000e+03
   1.2610000e+03   3.6050000e+03
   1.2630000e+03   3.5920000e+03
   1.2660000e+03   3.5730000e+03
   1.2690000e+03   3.5540000e+03
   1.2720000e+03   3.5340000e+03
   1.2750000e+03   3.5150000e+03
   1.2780000e+03   3.4950000e+03
   1.2800000e+03   3.4830000e+03
   1.2830000e+03   3.4640000e+03
   1.2860000e+03   3.4450000e+03
   1.2890000e+03   3.4270000e+03
   1.2920000e+03   3.4080000e+03
   1.2950000e+03   3.3900000e+03
   1.2970000e+03   3.3780000e+03
   1.3010000e+03   3.3530000e+03
   1.3030000e+03   3.3400000e+03
   1.3060000e+03   3.3220000e+03
   1.3090000e+03   3.3040000e+03
   1.3120000e+03   3.2860000e+03
   1.3150000e+03   3.2680000e+03
   1.3180000e+03   3.2500000e+03
   1.3200000e+03   3.2380000e+03
   1.3230000e+03   3.2200000e+03
   1.3260000e+03   3.2010000e+03
   1.3290000e+03   3.1830000e+03
   1.3320000e+03   3.1650000e+03
   1.3350000e+03   3.1470000e+03
   1.3380000e+03   3.1290000e+03
   1.3410000e+03   3.1110000e+03
   1.3430000e+03   3.0990000e+03
   1.3460000e+03   3.0810000e+03
   1.3490000e+03   3.0640000e+03
   1.3520000e+03   3.0460000e+03
   1.3550000e+03   3.0280000e+03
   1.3580000e+03   3.0090000e+03
   1.3610000e+03   2.9910000e+03
   1.3630000e+03   2.9790000e+03
   1.3660000e+03   2.9600000e+03
   1.3690000e+03   2.9420000e+03
   1.3720000e+03   2.9230000e+03
   1.3750000e+03   2.9050000e+03
   1.3780000e+03   2.8860000e+03
   1.3810000e+03   2.8670000e+03
   1.3830000e+03   2.8550000e+03
   1.3860000e+03   2.8350000e+03
   1.3890000e+03   2.8160000e+03
   1.3920000e+03   2.7970000e+03
   1.3950000e+03   2.7760000e+03
   1.3980000e+03   2.7570000e+03
   1.4010000e+03   2.7380000e+03
   1.4030000e+03   2.7260000e+03
   1.4060000e+03   2.7070000e+03
   1.4090000e+03   2.6880000e+03
   1.4120000e+03   2.6690000e+03
   1.4150000e+03   2.6500000e+03
   1.4180000e+03   2.6310000e+03
   1.4210000e+03   2.6110000e+03
   1.4230000e+03   2.5990000e+03
   1.4260000e+03   2.5790000e+03
   1.4290000e+03   2.5600000e+03
   1.4320000e+03   2.5410000e+03
   1.4350000e+03   2.5230000e+03
   1.4380000e+03   2.5040000e+03
   1.4410000e+03   2.4850000e+03
   1.4440000e+03   2.4680000e+03
   1.4460000e+03   2.4560000e+03
   1.4490000e+03   2.4380000e+03
   1.4520000e+03   2.4190000e+03
   1.4550000e+03   2.4000000e+03
   1.4580000e+03   2.3810000e+03
   1.4610000e+03   2.3640000e+03
   1.4640000e+03   2.3470000e+03
   1.4660000e+03   2.3350000e+03
   1.4690000e+03   2.3180000e+03
   1.4720000e+03   2.3000000e+03
   1.4750000e+03   2.2830000e+03
   1.4780000e+03   2.2640000e+03
   1.4810000e+03   2.2460000e+03
   1.4840000e+03   2.2290000e+03
   1.4860000e+03   2.2160000e+03
   1.4890000e+03   2.2000000e+03
   1.4920000e+03   2.1820000e+03
   1.4950000e+03   2.1650000e+03
   1.4980000e+03   2.1480000e+03
   1.5010000e+03   2.1310000e+03
   1.5040000e+03   2.1120000e+03
   1.5060000e+03   2.1020000e+03
   1.5090000e+03   2.0840000e+03
   1.5120000e+03   2.0660000e+03
   1.5150000e+03   2.0490000e+03
   1.5180000e+03   2.0310000e+03
   1.5210000e+03   2.0140000e+03
   1.5240000e+03   1.9970000e+03
   1.5260000e+03   1.9850000e+03
   1.5290000e+03   1.9680000e+03
   1.5320000e+03   1.9500000e+03
   1.5350000e+03   1.9340000e+03
   1.5380000e+03   1.9180000e+03
   1.5410000e+03   1.9020000e+03
   1.5440000e+03   1.8840000e+03
   1.5470000e+03   1.8680000e+03
   1.5490000e+03   1.8560000e+03
   1.5520000e+03   1.8420000e+03
   1.5550000e+03   1.8270000e+03
   1.5580000e+03   1.8100000e+03
   1.5610000e+03   1.7970000e+03
   1.5640000e+03   1.7810000e+03
   1.5670000e+03   1.7650000e+03
   1.5700000e+03   1.7490000e+03
   1.5720000e+03   1.7370000e+03
   1.5750000e+03   1.7200000e+03
   1.5780000e+03   1.7020000e+03
   1.5810000e+03   1.6840000e+03
   1.5840000e+03   1.6660000e+03
   1.5870000e+03   1.6510000e+03
   1.5900000e+03   1.6350000e+03
   1.5920000e+03   1.6240000e+03
   1.5950000e+03   1.6060000e+03
   1.5980000e+03   1.5880000e+03
   1.6010000e+03   1.5710000e+03
   1.6040000e+03   1.5530000e+03
   1.6070000e+03   1.5350000e+03
   1.6100000e+03   1.5200000e+03
   1.6130000e+03   1.5070000e+03
   1.6150000e+03   1.4980000e+03
   1.6180000e+03   1.4850000e+03
   1.6210000e+03   1.4730000e+03
   1.6240000e+03   1.4600000e+03
   1.6270000e+03   1.4470000e+03
   1.6300000e+03   1.4350000e+03
   1.6330000e+03   1.4210000e+03
   1.6350000e+03   1.4110000e+03
   1.6380000e+03   1.3950000e+03
   1.6410000e+03   1.3800000e+03
   1.6440000e+03   1.3630000e+03
   1.6470000e+03   1.3460000e+03
   1.6500000e+03   1.3290000e+03
   1.6530000e+03   1.3120000e+03
   1.6550000e+03   1.3000000e+03
   1.6580000e+03   1.2830000e+03
   1.6610000e+03   1.2650000e+03
   1.6640000e+03   1.2500000e+03
   1.6670000e+03   1.2340000e+03
   1.6700000e+03   1.2180000e+03
   1.6730000e+03   1.2010000e+03
   1.6750000e+03   1.1900000e+03
   1.6780000e+03   1.1740000e+03
   1.6810000e+03   1.1570000e+03
   1.6840000e+03   1.1400000e+03
   1.6870000e+03   1.1240000e+03
   1.6900000e+03   1.1070000e+03
   1.6920000e+03   1.0950000e+03
   1.6950000e+03   1.0780000e+03
   1.6980000e+03   1.0610000e+03
   1.7010000e+03   1.0450000e+03
   1.7040000e+03   1.0280000e+03
   1.7070000e+03   1.0120000e+03
   1.7100000e+03   9.9500000e+02
   1.7130000e+03   9.7900000e+02
   1.7160000e+03   9.6200000e+02
   1.7180000e+03   9.5100000e+02
   1.7210000e+03   9.3400000e+02
   1.7240000e+03   9.1700000e+02
   1.7270000e+03   9.0000000e+02
   1.7300000e+03   8.8400000e+02
   1.7330000e+03   8.6800000e+02
   1.7360000e+03   8.5300000e+02
   1.7390000e+03   8.3800000e+02
   1.7410000e+03   8.2700000e+02
   1.7440000e+03   8.1000000e+02
   1.7470000e+03   7.9400000e+02
   1.7500000e+03   7.7700000e+02
   1.7530000e+03   7.6000000e+02
   1.7560000e+03   7.4300000e+02
   1.7590000e+03   7.2900000e+02
   1.7610000e+03   7.2200000e+02
   1.7640000e+03   7.0900000e+02
   1.7670000e+03   6.9800000e+02
   1.7700000e+03   6.8500000e+02
   1.7730000e+03   6.7300000e+02
   1.7760000e+03   6.6100000e+02
   1.7780000e+03   6.5300000e+02
   1.7810000e+03   6.3900000e+02
   1.7840000e+03   6.2500000e+02
   1.7870000e+03   6.1000000e+02
   1.7900000e+03   5.9400000e+02
   1.7930000e+03   5.7700000e+02
   1.7960000e+03   5.6400000e+02
   1.7990000e+03   5.5000000e+02
   1.8010000e+03   5.4000000e+02
   1.8040000e+03   5.2700000e+02
   1.8070000e+03   5.1400000e+02
   1.8100000e+03   5.0300000e+02
   1.8130000e+03   4.9300000e+02
   1.8160000e+03   4.8000000e+02
   1.8190000e+03   4.6700000e+02
   1.8220000e+03   4.5600000e+02
   1.8240000e+03   4.4900000e+02
   1.8270000e+03   4.3600000e+02
   1.8300000e+03   4.2300000e+02
   1.8330000e+03   4.0900000e+02
   1.8360000e+03   3.9400000e+02
   1.8420000e+03   3.6200000e+02
   1.8440000e+03   3.5500000e+02
   1.8470000e+03   3.5400000e+02
   1.8500000e+03   3.5500000e+02
   1.8530000e+03   3.5500000e+02
   1.8560000e+03   3.5500000e+02
   1.8580000e+03   3.5500000e+02
   1.8610000e+03   3.5500000e+02
   1.8640000e+03   3.5500000e+02
   1.8660000e+03   3.5500000e+02
   1.8690000e+03   3.5500000e+02
   1.8720000e+03   3.5500000e+02
   1.8750000e+03   3.5500000e+02
   1.8780000e+03   3.5500000e+02
   1.8800000e+03   3.5500000e+02
   1.8830000e+03   3.5500000e+02
   1.8860000e+03   3.5500000e+02
   1.8890000e+03   3.5600000e+02
   1.8910000e+03   3.5600000e+02
   1.8940000e+03   3.5600000e+02
   1.8970000e+03   3.5500000e+02
   1.9000000e+03   3.5500000e+02
   1.9020000e+03   3.5500000e+02
   1.9050000e+03   3.5600000e+02
   1.9080000e+03   3.5600000e+02
   1.9110000e+03   3.5600000e+02
   1.9140000e+03   3.5600000e+02
   1.9160000e+03   3.5600000e+02
   1.9190000e+03   3.5600000e+02
   1.9220000e+03   3.5700000e+02
   1.9250000e+03   3.5700000e+02
   1.9270000e+03   3.5700000e+02
   1.9300000e+03   3.5800000e+02
   1.9330000e+03   3.5800000e+02
   1.9360000e+03   3.5800000e+02
   1.9380000e+03   3.5800000e+02
   1.9410000e+03   3.5900000e+02
   1.9440000e+03   3.5900000e+02
   1.9470000e+03   3.5800000e+02
   1.9490000e+03   3.5800000e+02
   1.9520000e+03   3.5800000e+02
   1.9550000e+03   3.5700000e+02
   1.9580000e+03   3.5700000e+02
   1.9600000e+03   3.5700000e+02
   1.9630000e+03   3.5700000e+02
   1.9660000e+03   3.5700000e+02
   1.9690000e+03   3.5700000e+02
   1.9710000e+03   3.5700000e+02
   1.9740000e+03   3.5700000e+02
   1.9770000e+03   3.5600000e+02
   1.9800000e+03   3.5600000e+02
   1.9830000e+03   3.5600000e+02
   1.9850000e+03   3.5600000e+02
   1.9880000e+03   3.5600000e+02
   1.9910000e+03   3.5600000e+02
   1.9940000e+03   3.5600000e+02
   1.9960000e+03   3.5600000e+02
   1.9990000e+03   3.5600000e+02
   2.0020000e+03   3.5600000e+02
   2.0050000e+03   3.5600000e+02
   2.0070000e+03   3.5600000e+02
   2.0100000e+03   3.5700000e+02
